384A	-0.47	0.95	-0.04	0.05	-0.02	-0.00	0.15	-0.03	1.10	-0.17	2.64	-0.17	-0.15	0.01	-0.00	-1.67	-0.10	-0.14
384C	-0.55	0.85	-0.24	0.05	-0.02	0.00	0.15	-0.03	0.79	-0.17	2.62	-0.17	-0.15	0.06	-0.00	-1.66	-0.10	-0.14
384E	-0.47	0.69	0.76	0.05	-0.02	-0.05	0.15	-0.03	1.41	-0.17	2.70	-0.17	-0.15	0.38	-0.00	-2.05	-0.10	-0.14
384D	-0.48	0.65	0.93	0.05	-0.02	-0.04	0.15	-0.03	1.10	-0.17	2.68	-0.17	-0.15	-0.24	-0.00	-2.34	-0.10	-0.14
384G	-0.47	0.96	0.04	0.05	-0.02	-0.01	0.15	-0.03	1.15	-0.17	2.65	-0.17	-0.15	-0.01	-0.00	-1.71	-0.10	-0.14
384I	-0.31	0.63	-0.78	0.05	-0.02	0.01	0.15	-0.03	0.35	-0.17	2.62	-0.17	-0.15	0.01	-0.00	-1.43	-0.10	-0.14
384H	-0.42	0.14	1.06	0.05	-0.02	-0.02	0.15	-0.03	0.54	-0.17	2.64	-0.17	-0.15	-0.08	-0.00	-2.83	-0.10	-0.14
384K	-0.52	0.27	1.41	0.05	-0.02	0.03	0.15	-0.03	0.99	-0.17	2.61	-0.17	-0.15	0.37	-0.00	-3.34	-0.10	-0.14
384M	-0.46	0.37	-0.28	0.05	-0.02	0.04	0.15	-0.03	0.41	-0.17	2.59	-0.17	-0.15	0.49	-0.00	-1.66	-0.10	-0.14
384L	-0.20	0.41	-1.09	0.05	-0.02	-0.01	0.15	-0.03	-0.05	-0.17	2.62	-0.17	-0.15	-0.01	-0.00	-1.29	-0.10	-0.14
384N	-0.44	0.59	0.74	0.05	-0.02	-0.04	0.15	-0.03	1.03	-0.17	2.66	-0.17	-0.15	-0.03	-0.00	-2.30	-0.10	-0.14
384Q	-0.53	0.52	0.44	0.05	-0.02	0.00	0.15	-0.03	0.65	-0.17	2.62	-0.17	-0.15	0.13	-0.00	-2.83	-0.10	-0.14
384P	-0.46	0.92	0.07	0.14	0.13	-0.00	0.05	0.14	1.08	-0.17	2.64	-0.15	-0.09	-0.12	0.05	-1.72	-0.11	-0.06
384S	-0.48	0.91	0.19	0.05	-0.02	0.01	0.15	-0.03	1.13	-0.17	2.63	-0.17	-0.15	-0.02	-0.00	-1.94	-0.10	-0.14
384R	-0.52	-0.19	1.83	0.05	-0.02	0.03	0.15	-0.03	0.61	-0.17	2.62	-0.17	-0.15	0.48	-0.00	-3.88	-0.10	-0.14
384T	-0.52	0.90	-0.17	0.05	-0.02	0.01	0.15	-0.03	0.87	-0.17	2.63	-0.17	-0.15	-0.04	-0.00	-1.76	-0.10	-0.14
384W	-0.54	-0.70	0.15	0.05	-0.02	0.01	0.15	-0.03	-1.00	-0.17	2.64	-0.17	-0.15	0.24	-0.00	-2.10	-0.10	-0.14
384V	-0.51	0.91	-0.30	0.05	-0.02	0.01	0.15	-0.03	0.86	-0.17	2.62	-0.17	-0.15	0.05	-0.00	-1.66	-0.10	-0.14
384Y	-0.60	-0.11	0.52	0.05	-0.02	-0.02	0.15	-0.03	-0.13	-0.17	2.62	-0.17	-0.15	0.16	-0.00	-2.56	-0.10	-0.14
348Y	-0.22	2.02	-4.02	0.05	-0.02	0.17	0.15	-0.03	1.22	-0.17	2.03	-0.17	-0.15	1.31	-0.00	1.70	-0.10	-0.14
348Q	0.55	-1.08	0.28	0.05	-0.02	-0.06	0.15	-0.03	-0.31	-0.17	2.68	-0.17	-0.15	0.83	-0.00	-2.36	-0.10	-0.14
348P	-0.06	-0.53	-1.26	0.08	-0.02	0.01	0.22	-0.06	-0.82	-0.21	2.58	-0.17	-0.16	0.74	-0.01	-0.58	-0.14	-0.16
348S	-0.59	-0.33	-0.48	0.02	-0.31	0.08	0.22	0.17	-0.44	-0.48	2.57	-0.17	-0.15	0.65	0.23	-0.54	0.02	-0.27
348R	0.29	-0.71	2.95	0.05	-0.02	-0.10	0.15	-0.03	1.24	-0.17	2.73	-0.17	-0.15	-0.08	-0.00	-2.74	-0.10	-0.14
348T	0.02	-0.45	-0.85	-0.03	-0.74	0.10	-0.81	-0.62	-0.55	2.27	2.65	-0.17	-0.33	0.00	1.32	-0.89	-0.17	0.88
348W	0.48	-1.18	1.48	0.05	-0.02	-0.05	0.15	-0.03	0.11	-0.17	2.78	-0.17	-0.15	-0.25	-0.00	-0.47	-0.10	-0.14
348V	1.20	-0.62	-1.82	0.05	-0.02	0.01	0.15	-0.03	-0.43	-0.17	2.61	-0.17	-0.15	0.68	-0.00	-1.07	-0.10	-0.14
348I	1.92	-1.71	-2.31	0.05	-0.02	0.14	0.15	-0.03	-1.53	-0.17	2.61	-0.17	-0.15	0.77	-0.00	-0.78	-0.10	-0.14
348H	0.85	-1.27	0.42	0.05	-0.02	-0.03	0.15	-0.03	-0.25	-0.17	2.66	-0.17	-0.15	0.67	-0.00	-2.02	-0.10	-0.14
348K	0.37	-0.48	3.41	0.05	-0.02	-0.02	0.15	-0.03	2.40	-0.17	2.76	-0.17	-0.15	-0.30	-0.00	0.51	-0.10	-0.14
348M	0.44	-1.01	-1.43	5.00	-1.04	0.10	0.03	1.54	-0.84	5.00	3.09	-0.17	-4.58	0.71	0.49	-2.13	-1.27	1.19
348L	0.89	-0.02	-0.83	0.05	-0.02	0.06	0.15	-0.03	0.97	-0.17	3.14	-0.17	-0.15	0.24	-0.00	0.53	-0.10	-0.14
348N	-0.01	-0.16	0.80	0.05	-0.02	-0.04	0.15	-0.03	0.59	-0.17	2.61	-0.17	-0.15	0.30	-0.00	-2.14	-0.10	-0.14
348A	-0.43	-0.29	-1.84	0.05	-0.02	0.03	0.15	-0.03	-1.20	-0.17	2.57	-0.17	-0.15	0.78	-0.00	-0.84	-0.10	-0.14
348C	0.61	-0.70	-1.03	0.05	-0.02	-0.04	0.15	-0.03	-0.59	-0.17	2.64	-0.17	-0.15	0.50	-0.00	-1.19	-0.10	-0.14
348E	0.34	-0.43	3.79	0.05	-0.02	-0.09	0.15	-0.03	2.55	-0.17	2.75	-0.17	-0.15	0.32	-0.00	-2.00	-0.10	-0.14
348D	-0.09	-0.32	0.97	0.05	-0.02	0.04	0.15	-0.03	0.07	-0.17	2.66	-0.17	-0.15	-0.17	-0.00	-2.96	-0.10	-0.14
348F	0.10	-0.20	0.47	0.05	-0.02	0.04	0.15	-0.03	0.38	-0.17	2.72	-0.17	-0.15	-0.39	-0.00	-0.44	-0.10	-0.14
417G	-1.57	1.64	0.31	0.05	-0.02	-0.10	0.15	-0.03	1.79	-0.17	2.67	-0.17	-0.15	0.76	-0.00	-1.50	-0.10	-0.14
346W	0.34	-0.72	-0.38	0.05	-0.02	-0.35	0.15	-0.03	0.22	-0.17	2.35	-0.17	-0.15	1.54	-0.00	-0.16	-0.10	-0.14
309C	-0.78	0.14	0.01	0.05	-0.02	-0.07	0.15	-0.03	0.38	-0.17	2.64	-0.17	-0.15	1.07	-0.00	-1.39	-0.10	-0.14
309A	-1.22	0.63	-0.32	0.05	-0.02	-0.07	0.15	-0.03	0.56	-0.17	2.69	-0.17	-0.15	1.34	-0.00	-1.73	-0.10	-0.14
309F	-0.26	-0.08	-0.44	0.75	-0.02	1.15	-0.02	0.30	-0.08	-0.17	3.15	-0.00	-0.56	0.58	-0.75	-2.18	-0.19	-0.01
309G	-1.55	0.91	-0.14	0.49	-0.60	-0.05	-0.01	-0.13	0.87	-0.17	2.62	-0.04	-0.40	1.44	0.42	-1.69	-0.32	-0.21
309D	-1.02	0.30	1.08	0.05	-0.02	0.01	0.15	-0.03	0.57	-0.17	2.58	-0.17	-0.15	0.06	-0.00	-1.61	-0.10	-0.14
309E	-0.42	0.09	0.96	0.05	-0.02	-0.09	0.15	-0.03	1.08	-0.17	2.63	-0.17	-0.15	0.88	-0.00	-1.61	-0.10	-0.14
309K	-0.53	-0.39	0.78	5.00	2.16	-0.88	0.34	-2.71	0.62	-0.17	5.00	0.04	-1.89	1.42	0.30	-4.60	-0.66	-0.48
309H	-0.61	-0.10	0.76	0.46	-0.02	0.04	0.09	-0.13	0.10	-0.17	2.67	-0.69	0.01	0.18	-0.18	-2.35	0.01	-0.04
309I	-0.50	-0.20	-0.60	1.06	2.75	0.24	-0.27	-1.53	0.03	-0.17	5.00	1.19	-2.89	1.08	1.28	-4.22	-0.57	-0.08
309N	-0.91	0.19	0.81	0.05	-0.02	-0.08	0.15	-0.03	1.10	-0.17	2.64	-0.17	-0.15	1.13	-0.00	-0.29	-0.10	-0.14
309L	-0.43	0.22	0.47	0.05	-0.02	-0.11	0.15	-0.03	1.20	-0.17	2.67	-0.17	-0.15	1.08	-0.00	-0.70	-0.10	-0.14
309R	-0.65	0.54	2.39	0.02	-2.63	1.12	0.26	2.00	2.41	-0.17	2.51	-1.59	0.86	0.70	-3.43	2.01	-1.04	-0.04
309S	-1.20	0.57	0.72	0.05	-0.02	-0.08	0.15	-0.03	1.23	-0.17	2.69	-0.17	-0.15	1.30	-0.00	-1.36	-0.10	-0.14
309P	-1.34	0.54	-0.05	0.05	-0.02	0.07	0.15	-0.03	0.09	-0.17	2.58	-0.17	-0.15	0.60	-0.00	-2.00	-0.10	-0.14
309Q	-0.82	0.10	0.61	0.05	-0.02	-0.04	0.15	-0.03	0.77	-0.17	2.67	-0.17	-0.15	1.43	-0.00	-2.06	-0.10	-0.14
309V	-1.29	0.31	-0.57	1.65	0.86	1.21	0.05	-0.03	-0.12	-0.17	3.17	-0.33	-0.84	1.31	-0.69	-2.90	0.23	-0.16
309W	-0.35	-0.33	1.25	-0.26	0.13	1.12	0.26	0.27	1.00	-0.17	3.24	0.04	-0.66	0.71	-0.53	-0.56	-0.20	0.00
309T	-1.23	0.40	0.35	5.00	-0.60	1.19	0.79	1.67	0.83	-0.17	3.20	0.23	-2.80	1.23	-1.42	-1.65	-0.03	-0.28
417M	-1.06	0.53	-0.11	0.05	-0.02	0.06	0.15	-0.03	0.09	-0.17	2.56	-0.17	-0.15	0.13	-0.00	-1.65	-0.10	-0.14
346N	-0.22	-0.61	0.57	0.05	-0.02	-0.26	0.15	-0.03	-0.56	-0.17	0.00	-0.17	-0.15	0.55	-0.00	-0.95	-0.10	-0.14
346M	0.90	-0.88	-1.40	0.05	-0.02	-0.12	0.15	-0.03	-0.31	-0.17	2.37	-0.17	-0.15	1.33	-0.00	-0.20	-0.10	-0.14
309Y	-0.40	-0.07	0.61	0.71	0.42	1.19	-0.01	0.00	0.61	-0.17	3.17	-0.02	-0.33	0.72	-0.54	-2.03	-0.46	-0.10
346K	0.66	-0.55	1.98	-0.04	0.13	0.00	-0.25	0.07	0.40	-0.75	0.58	-0.17	4.06	-2.28	-0.36	1.55	0.02	-0.22
346I	-0.14	-0.77	-2.30	0.05	-0.02	-0.16	0.15	-0.03	-1.00	-0.17	2.48	-0.17	-0.15	2.47	-0.00	-0.20	-0.10	-0.14
346H	0.16	-1.07	0.68	0.05	-0.02	-0.19	0.15	-0.03	-1.10	-0.17	-0.28	-0.17	-0.15	0.17	-0.00	-1.24	-0.10	-0.14
346L	-0.14	-0.70	-1.79	0.05	-0.02	-0.25	0.15	-0.03	-1.31	-0.17	2.81	-0.17	-0.15	1.48	-0.00	-1.97	-0.10	-0.14
417K	0.15	-0.36	4.02	0.13	-0.02	-0.09	0.03	0.00	2.51	0.03	2.70	-0.17	-0.13	0.27	0.02	-2.71	-0.01	-0.17
302Y	-0.53	-1.82	1.00	0.05	-0.02	0.11	0.15	-0.03	-1.89	-0.17	2.47	-0.17	-0.15	0.43	-0.00	-2.27	-0.10	-0.14
302W	-0.51	-1.92	1.90	0.05	-0.02	0.10	0.15	-0.03	-1.26	-0.17	2.46	-0.17	-0.15	0.50	-0.00	-1.65	-0.10	-0.14
302V	-0.25	-0.97	-0.66	0.05	-0.02	0.05	0.15	-0.03	-1.52	-0.17	2.52	-0.17	-0.15	0.19	-0.00	-1.03	-0.10	-0.14
302T	-0.44	-0.40	0.98	0.05	-0.02	0.03	0.15	-0.03	-0.22	-0.17	-0.05	-0.17	-0.15	0.12	-0.00	-0.11	-0.10	-0.14
302S	-0.27	-0.19	1.24	0.05	-0.02	0.02	0.15	-0.03	0.12	-0.17	-0.23	-0.17	-0.15	-0.01	-0.00	-0.83	-0.10	-0.14
302R	-0.70	-1.95	2.25	0.31	-0.02	0.04	1.00	-4.67	-0.26	-0.17	3.50	3.99	2.47	0.76	-1.71	-1.71	4.26	1.92
302Q	-0.61	-1.43	2.34	0.05	-0.02	0.11	0.15	-0.03	-0.47	-0.17	2.46	-0.17	-0.15	0.20	-0.00	-1.24	-0.10	-0.14
302P	-0.54	-0.06	-1.10	0.01	-0.02	0.02	-0.01	-0.26	-0.45	-0.17	2.68	-0.29	0.04	1.32	-0.00	-2.46	0.07	-0.05
302N	-0.87	-0.68	1.18	0.05	-0.02	0.17	0.15	-0.03	-1.02	-0.17	2.48	-0.17	-0.15	-0.11	-0.00	-3.68	-0.10	-0.14
302M	-0.10	-1.47	-0.13	0.04	0.13	0.10	0.17	-0.32	-1.25	-0.17	2.48	-0.10	0.87	1.20	-0.15	-1.22	-0.04	-0.20
302L	-0.10	-1.24	0.23	0.05	-0.02	0.03	0.15	-0.03	-1.38	-0.17	2.55	-0.17	-0.15	0.25	-0.00	-2.38	-0.10	-0.14
302K	-0.41	-1.15	2.01	0.05	-0.02	-0.05	0.15	-0.03	0.35	-0.17	2.67	-0.17	-0.15	1.52	-0.00	-2.29	-0.10	-0.14
302I	0.15	-1.58	0.23	0.05	-0.02	-0.02	0.15	-0.03	-0.96	-0.17	2.62	-0.17	-0.15	1.45	-0.00	-1.97	-0.10	-0.14
302H	-0.66	-1.51	2.30	0.05	-0.02	0.12	0.15	-0.03	-0.72	-0.17	2.45	-0.17	-0.15	0.44	-0.00	-2.37	-0.10	-0.14
302G	-0.42	0.22	-0.22	0.05	-0.02	0.14	0.15	-0.03	-0.06	-0.17	2.48	-0.17	-0.15	-0.10	-0.00	-1.82	-0.10	-0.14
302F	-0.35	-1.64	0.88	0.05	-0.02	0.05	0.15	-0.03	-1.52	-0.17	2.56	-0.17	-0.15	0.58	-0.00	-2.40	-0.10	-0.14
302E	0.89	-1.90	3.13	5.00	5.00	-0.98	3.06	5.00	0.97	-0.17	5.00	5.00	-5.00	1.57	-0.02	-4.59	-0.83	-5.00
302D	-0.35	-0.77	3.21	0.05	-0.02	-0.07	0.15	-0.03	0.72	-0.17	1.80	-0.17	-0.15	-0.70	-0.00	-0.54	-0.10	-0.14
302C	-0.60	-0.42	-0.01	-0.91	0.13	0.06	-5.00	-3.91	-1.10	-0.17	3.05	0.02	-0.76	-0.15	-0.55	-1.61	-0.21	0.93
417T	-1.31	1.47	0.07	0.05	-0.02	0.07	0.15	-0.03	1.30	-0.17	2.52	-0.17	-0.15	0.22	-0.00	-1.61	-0.10	-0.14
417V	-0.93	1.11	-0.44	0.05	-0.02	-0.06	0.15	-0.03	1.25	-0.17	2.64	-0.17	-0.15	0.99	-0.00	-1.26	-0.10	-0.14
417P	-1.34	1.22	0.22	-0.35	0.13	0.02	-0.29	0.10	1.20	-0.63	2.69	-0.17	-0.91	0.45	-1.19	-1.16	0.97	-0.22
417Q	-1.30	1.05	0.59	0.05	-0.02	0.11	0.15	-0.03	0.89	-0.17	2.49	-0.17	-0.15	0.43	-0.00	-3.32	-0.10	-0.14
417R	0.38	-0.60	4.47	0.05	-0.02	-0.10	0.15	-0.03	2.60	-0.17	2.71	-0.17	-0.15	0.61	-0.00	-3.90	-0.10	-0.14
346V	-0.71	-0.56	-1.73	0.05	-0.02	-0.07	0.15	-0.03	-1.75	-0.17	2.37	-0.17	-0.15	0.64	-0.00	-0.36	-0.10	-0.14
417Y	-0.45	0.28	-0.14	0.05	-0.02	-0.02	0.07	0.00	0.05	-0.21	2.66	-0.17	-0.16	0.04	0.19	-2.39	-0.16	-0.20
417D	-1.63	1.44	0.86	0.05	-0.02	0.09	0.15	-0.03	1.39	-0.17	2.52	-0.17	-0.15	0.30	-0.00	-2.73	-0.10	-0.14
417E	-0.48	0.05	3.85	0.20	-0.31	-0.12	0.34	-0.06	2.68	-0.25	2.68	-0.17	-0.19	0.48	0.02	-1.94	-0.06	-0.14
417F	-0.45	0.33	-0.39	0.05	-0.02	-0.02	0.15	-0.03	0.03	-0.17	2.66	-0.17	-0.15	0.04	-0.00	-1.90	-0.10	-0.14
346T	-0.80	-0.63	-0.38	0.05	-0.02	-0.09	0.15	-0.03	-1.78	-0.17	-0.36	-0.17	-0.15	0.41	-0.00	-0.81	-0.10	-0.14
417A	-1.74	1.81	-0.69	0.05	-0.16	-0.02	0.01	0.14	1.05	-0.13	2.67	-0.17	-1.86	0.44	0.31	-1.71	-0.01	-0.20
417C	-1.12	1.19	0.06	0.05	-0.02	-0.08	0.15	-0.03	1.46	-0.17	2.65	-0.17	-0.15	0.87	-0.00	-1.29	-0.10	-0.14
417L	-0.57	0.94	-0.33	0.05	-0.02	-0.07	0.15	-0.03	1.43	-0.17	2.64	-0.17	-0.15	1.05	-0.00	-1.15	-0.10	-0.14
346S	-0.86	-0.04	-0.65	-0.06	0.13	-0.03	0.17	0.04	-0.62	-0.21	2.35	-0.17	-0.12	0.34	0.05	-0.59	0.00	-0.19
417N	-1.54	1.50	0.15	0.05	-0.02	0.08	0.15	-0.03	1.05	-0.17	2.50	-0.17	-0.15	0.41	-0.00	-3.02	-0.10	-0.14
417H	-1.28	0.94	0.56	0.05	-0.02	0.07	0.15	-0.03	0.82	-0.17	2.50	-0.17	-0.15	0.53	-0.00	-3.14	-0.10	-0.14
417I	-0.97	1.24	0.65	0.05	-0.02	-0.05	0.15	-0.03	2.16	-0.17	2.61	-0.17	-0.15	0.89	-0.00	-0.76	-0.10	-0.14
346R	1.15	-1.03	1.68	0.05	-0.02	-0.09	0.15	-0.03	1.43	-0.17	2.29	-0.17	-0.15	1.04	-0.00	-1.00	-0.10	-0.14
346Q	-0.09	-0.52	-0.16	0.05	-0.02	-0.16	0.15	-0.03	-0.56	-0.17	0.33	-0.17	-0.15	0.67	-0.00	-0.25	-0.10	-0.14
346P	-0.40	-0.22	-0.29	0.05	-0.02	-0.14	0.15	-0.03	0.04	-0.17	2.45	-0.17	-0.15	1.20	-0.00	-1.26	-0.10	-0.14
346Y	1.03	-1.11	0.55	0.05	-0.02	-0.42	0.15	-0.03	-0.50	-0.17	2.22	-0.17	-0.15	-0.14	-0.00	-2.90	-0.10	-0.14
417S	-1.61	1.82	0.05	0.05	-0.02	0.10	0.15	-0.03	1.43	-0.17	2.50	-0.17	-0.15	0.09	-0.00	-1.76	-0.10	-0.14
346F	0.95	-0.39	-1.23	0.05	-0.02	-0.43	0.15	-0.03	0.02	-0.17	3.03	-0.17	-0.15	1.26	-0.00	-3.30	-0.10	-0.14
346E	-0.05	-0.49	0.84	0.05	-0.02	-0.11	0.15	-0.03	-0.15	-0.17	0.60	-0.17	-0.15	-0.09	-0.00	-0.27	-0.10	-0.14
346D	-0.39	-0.53	1.45	0.05	-0.02	-0.00	0.15	-0.03	-0.91	-0.17	0.80	-0.17	-0.15	-2.05	-0.00	0.16	-0.10	-0.14
346C	-0.28	-0.28	-1.01	0.05	-0.02	-0.15	0.15	-0.03	-0.23	-0.17	2.39	-0.17	-0.15	1.38	-0.00	-0.60	-0.10	-0.14
401Y	0.35	-1.38	1.36	0.07	0.42	-0.11	0.18	-0.03	-0.49	-0.32	2.63	-0.17	-0.11	0.13	0.09	-2.59	0.15	-0.01
346A	-0.42	-0.39	-0.90	0.05	-0.02	-0.22	0.15	-0.03	-1.14	-0.17	2.62	-0.17	-0.15	0.37	-0.00	-2.03	-0.10	-0.14
401S	-0.88	0.07	0.52	0.05	-0.02	0.05	0.15	-0.03	-0.05	-0.17	2.67	-0.17	-0.15	0.23	-0.00	-2.46	-0.10	-0.14
401R	-0.73	-0.08	0.34	0.05	-0.02	0.02	0.15	-0.03	-0.16	-0.17	2.68	-0.17	-0.15	0.29	-0.00	-2.13	-0.10	-0.14
401Q	-0.46	-0.89	1.60	0.05	-0.02	-0.05	0.15	-0.03	-0.04	-0.17	2.74	-0.17	-0.15	0.73	-0.00	-2.51	-0.10	-0.14
401P	-0.92	-0.11	-0.01	0.05	-0.02	0.08	0.15	-0.03	-0.55	-0.17	2.62	-0.17	-0.15	0.31	-0.00	-1.92	-0.10	-0.14
401W	0.81	-1.93	0.96	0.05	-0.02	-0.05	0.15	-0.03	-1.00	-0.17	2.72	-0.17	-0.15	0.22	-0.00	-1.83	-0.10	-0.14
401T	-0.73	-0.12	0.38	0.05	-0.02	0.03	0.15	-0.03	-0.24	-0.17	2.67	-0.17	-0.15	0.25	-0.00	-2.35	-0.10	-0.14
401K	-0.74	-0.07	0.32	0.05	-0.02	0.04	0.15	-0.03	-0.17	-0.17	2.68	-0.17	-0.15	0.30	-0.00	-2.13	-0.10	-0.14
401I	-0.00	-0.75	-0.30	0.05	-0.02	-0.04	0.15	-0.03	-1.05	-0.17	2.69	-0.17	-0.15	-0.14	-0.00	-1.69	-0.10	-0.14
401H	-0.55	-0.89	1.33	0.05	-0.02	-0.03	0.15	-0.03	-0.74	-0.17	2.60	-0.17	-0.15	-0.09	-0.00	-2.60	-0.10	-0.14
401N	-0.67	-0.14	0.18	0.05	-0.02	-0.10	0.15	-0.03	-0.21	-0.17	2.86	-0.17	-0.15	0.52	-0.00	-2.41	-0.10	-0.14
401M	0.04	-1.07	-0.04	0.05	-0.02	-0.01	0.15	-0.03	-1.03	-0.17	2.72	-0.17	-0.15	0.19	-0.00	-1.31	-0.10	-0.14
401L	-0.61	-0.11	0.04	0.05	-0.02	0.04	0.15	-0.03	-0.49	-0.17	2.55	-0.17	-0.15	-0.08	-0.00	-1.97	-0.10	-0.14
401C	-0.85	0.02	0.20	0.05	-0.02	0.06	0.15	-0.03	-0.20	-0.17	2.66	-0.17	-0.15	0.31	-0.00	-2.11	-0.10	-0.14
401A	-0.92	0.22	0.04	0.05	-0.02	0.04	0.15	-0.03	-0.15	-0.17	2.58	-0.17	-0.15	0.19	-0.00	-1.95	-0.10	-0.14
401G	-0.86	0.13	0.33	0.05	-0.02	0.04	0.15	-0.03	0.00	-0.17	2.68	-0.17	-0.15	0.22	-0.00	-2.03	-0.10	-0.14
401F	-0.17	-1.28	0.48	0.05	-0.02	0.04	0.15	-0.03	-1.54	-0.17	2.55	-0.17	-0.15	-0.19	-0.00	-2.35	-0.10	-0.14
401E	-0.25	-0.46	0.91	0.05	-0.02	0.00	0.15	-0.03	-0.13	-0.17	2.66	-0.17	-0.15	-0.03	-0.00	-2.42	-0.10	-0.14
401D	-0.75	-0.32	1.14	0.05	-0.02	0.03	0.15	-0.03	-0.27	-0.17	2.68	-0.17	-0.15	-0.04	-0.00	-2.96	-0.10	-0.14
305N	-0.44	0.28	0.23	-0.02	-2.93	0.16	0.41	0.40	0.36	-0.17	2.50	-0.27	-0.25	0.06	0.09	-1.98	-0.22	-0.17
305L	-0.52	-0.17	-0.40	0.05	-0.02	-0.12	0.15	-0.03	-0.62	-0.17	2.77	-0.17	-0.15	0.33	-0.00	-2.36	-0.10	-0.14
305M	-0.46	-0.42	-0.15	0.05	-0.02	0.05	0.15	-0.03	-0.87	-0.17	2.59	-0.17	-0.15	0.01	-0.00	-2.10	-0.10	-0.14
305K	-0.47	0.24	0.29	0.05	-0.02	0.06	0.15	-0.03	0.30	-0.17	2.58	-0.17	-0.15	0.04	-0.00	-2.12	-0.10	-0.14
305H	-0.22	-0.13	0.29	0.18	1.00	0.22	0.03	-1.11	0.26	-0.17	4.90	-0.15	-2.59	0.49	-0.90	-2.75	-0.83	-0.17
305I	-0.15	0.12	-0.92	0.05	-0.02	0.11	0.15	-0.03	-0.26	-0.17	2.54	-0.17	-0.15	0.30	-0.00	-1.99	-0.10	-0.14
305G	-1.28	1.10	-0.56	0.05	-0.02	0.10	0.15	-0.03	0.49	-0.17	2.55	-0.17	-0.15	0.28	-0.00	-1.45	-0.10	-0.14
305D	-0.47	0.27	0.79	0.05	-0.02	0.03	0.15	-0.03	0.51	-0.17	2.56	-0.17	-0.15	-0.33	-0.00	-1.92	-0.10	-0.14
305E	-0.50	-0.10	1.52	0.05	-0.02	-0.10	0.15	-0.03	0.34	-0.17	2.72	-0.17	-0.15	-0.54	-0.00	-2.17	-0.10	-0.14
305C	-0.51	0.26	-0.04	0.05	-0.02	0.06	0.15	-0.03	0.05	-0.17	2.58	-0.17	-0.15	-0.02	-0.00	-2.06	-0.10	-0.14
305A	-0.59	0.52	-0.55	0.10	-0.02	0.08	-0.01	-0.19	0.10	-0.17	2.61	-0.27	-0.12	0.02	0.24	-1.98	-0.01	-0.16
305Y	-0.37	-0.35	0.12	0.05	-0.02	0.02	0.15	-0.03	-0.51	-0.17	2.61	-0.17	-0.15	0.08	-0.00	-2.17	-0.10	-0.14
305V	-0.98	0.47	-0.77	0.05	-0.02	0.11	0.15	-0.03	-0.36	-0.17	2.50	-0.17	-0.15	0.30	-0.00	-1.93	-0.10	-0.14
305W	0.36	-0.47	-1.54	0.05	-0.02	-0.15	0.15	-0.03	-0.65	-0.17	2.76	-0.17	-0.15	1.26	-0.00	-2.51	-0.10	-0.14
305T	-0.50	0.09	0.43	0.01	-2.49	0.47	0.28	0.10	0.41	-0.17	4.72	0.23	-1.43	0.34	-0.96	-2.76	-0.64	-0.12
305R	-0.39	0.13	0.30	0.05	-0.02	0.04	0.15	-0.03	0.28	-0.17	2.57	-0.17	-0.15	0.13	-0.00	-2.05	-0.10	-0.14
305S	-0.88	0.74	-0.22	0.05	-0.02	0.14	0.15	-0.03	0.38	-0.17	2.50	-0.17	-0.15	0.24	-0.00	-2.17	-0.10	-0.14
305P	-0.94	0.53	-0.28	0.05	-0.02	-0.07	0.15	-0.03	0.26	-0.17	2.75	-0.17	-0.15	0.71	-0.00	-2.35	-0.10	-0.14
305Q	-0.49	-0.13	0.86	0.05	-0.02	0.07	0.15	-0.03	-0.14	-0.17	2.57	-0.17	-0.15	-0.46	-0.00	-2.42	-0.10	-0.14
306C	-1.02	0.26	-0.14	0.05	-0.02	-0.06	0.15	-0.03	0.35	-0.17	2.66	-0.17	-0.15	1.08	-0.00	-0.87	-0.10	-0.14
306A	-1.15	0.57	-0.31	-0.12	-0.02	0.12	0.22	0.00	-0.12	-0.17	2.57	0.06	-3.37	0.01	0.19	-1.23	-0.12	-0.14
306G	-1.21	0.67	-0.19	0.05	-0.02	0.04	0.15	-0.03	0.16	-0.17	2.60	-0.17	-0.15	0.16	-0.00	-1.37	-0.10	-0.14
306F	-0.49	-0.13	-0.32	0.05	-0.02	0.06	0.15	-0.03	-0.46	-0.17	2.59	-0.17	-0.15	0.13	-0.00	-1.55	-0.10	-0.14
306E	-1.07	0.24	1.11	0.05	-0.02	0.08	0.15	-0.03	0.31	-0.17	2.51	-0.17	-0.15	0.12	-0.00	-2.58	-0.10	-0.14
306D	-0.83	0.13	1.07	0.05	-0.02	0.10	0.15	-0.03	0.55	-0.17	2.50	-0.17	-0.15	-0.07	-0.00	-0.78	-0.10	-0.14
306K	-0.78	-0.26	1.19	0.05	-0.02	0.06	0.15	-0.03	0.29	-0.17	2.57	-0.17	-0.15	0.46	-0.00	-1.50	-0.10	-0.14
306I	-0.98	0.03	0.28	0.05	-0.02	-0.05	0.15	-0.03	0.47	-0.17	2.62	-0.17	-0.15	1.27	-0.00	-0.68	-0.10	-0.14
306H	-0.83	-0.15	0.56	0.05	-0.02	0.03	0.15	-0.03	-0.07	-0.17	2.59	-0.17	-0.15	0.33	-0.00	-1.48	-0.10	-0.14
306N	-0.82	0.02	0.47	-0.01	0.13	1.18	0.22	-0.55	0.31	-0.17	3.14	-0.00	-0.32	0.64	-1.14	-1.41	-0.08	-0.17
306M	-0.62	-0.21	-0.03	0.05	-0.02	0.03	0.15	-0.03	-0.39	-0.17	2.60	-0.17	-0.15	0.29	-0.00	-1.42	-0.10	-0.14
306L	-0.48	-0.16	-0.00	0.05	-0.02	-0.05	0.15	-0.03	0.32	-0.17	2.66	-0.17	-0.15	1.14	-0.00	-0.95	-0.10	-0.14
306S	-1.17	0.41	0.32	-0.23	-0.02	0.07	0.43	-0.06	0.20	-0.17	2.64	-0.02	-0.90	0.17	-0.07	-1.26	-0.09	-0.09
306R	-0.90	-0.57	1.37	0.29	0.13	0.00	0.32	-0.29	-0.21	-0.17	2.60	-0.10	-0.05	0.44	0.17	-2.52	0.09	-0.17
306Q	-1.07	0.21	0.54	0.05	-0.02	0.10	0.15	-0.03	-0.04	-0.17	2.50	-0.17	-0.15	0.31	-0.00	-2.70	-0.10	-0.14
306P	-0.57	0.02	-0.13	0.05	-0.02	0.04	0.15	-0.03	-0.08	-0.17	2.59	-0.17	-0.15	0.34	-0.00	-1.39	-0.10	-0.14
306W	-0.21	-0.73	0.53	0.05	-0.02	0.00	0.15	-0.03	-0.18	-0.17	2.61	-0.17	-0.15	0.56	-0.00	-1.02	-0.10	-0.14
306V	-0.28	-0.37	0.10	-0.14	3.62	-1.16	0.09	-0.29	-0.05	-0.17	3.07	0.63	-2.03	-0.18	4.32	-3.39	0.78	-0.35
306T	-1.21	0.33	0.36	0.05	-0.02	-0.05	0.15	-0.03	0.65	-0.17	2.64	-0.17	-0.15	1.07	-0.00	-0.71	-0.10	-0.14
