384A	-1.35	1.48	-1.94	0.04	0.12	-0.27	-0.11	-0.00	-0.91	-0.06	-1.17	-0.09	0.35	1.06	-0.25	-0.14	0.02	0.02
384C	-1.23	1.04	-1.73	0.23	0.12	-0.23	-0.06	-0.04	-1.45	-0.06	-1.15	-0.17	0.25	0.75	-0.16	-0.22	-0.09	-0.10
384E	-1.09	0.58	0.07	0.07	0.28	-0.14	-0.06	-0.06	-0.96	-0.06	-1.15	-0.23	0.13	-0.53	-0.12	-1.29	-0.05	-0.11
384D	-1.17	1.03	-0.45	0.04	0.12	-0.14	-0.04	-0.04	-0.60	-0.06	-1.16	-0.20	0.13	-0.08	-0.13	-0.81	-0.04	-0.09
384G	-1.20	1.52	-1.83	0.04	0.12	-0.16	-0.04	-0.04	-0.70	-0.06	-1.15	-0.20	0.13	0.92	-0.13	0.02	-0.04	-0.09
384I	-0.27	0.68	-1.25	0.04	0.12	-0.10	-0.04	-0.04	-0.97	-0.06	-1.00	-0.20	0.13	0.16	-0.13	-0.01	-0.04	-0.09
384H	-1.00	0.41	-0.12	0.04	0.12	-0.13	-0.04	-0.04	-1.06	-0.06	-1.12	-0.20	0.13	-0.32	-0.13	-0.33	-0.04	-0.09
384K	-0.97	0.28	0.59	0.04	0.12	-0.14	-0.04	-0.04	-0.71	-0.06	-1.10	-0.20	0.13	-0.49	-0.13	-1.19	-0.04	-0.09
384M	-1.01	0.41	-1.16	0.04	0.12	-0.14	-0.04	-0.04	-1.51	-0.06	-1.14	-0.20	0.13	0.81	-0.13	0.23	-0.04	-0.09
384L	-0.80	0.15	-0.86	0.04	0.12	-0.14	-0.04	-0.04	-1.29	-0.06	-1.08	-0.20	0.13	0.99	-0.13	0.35	-0.04	-0.09
384N	-1.10	0.72	-0.54	0.04	0.12	-0.17	-0.04	-0.04	-0.54	-0.06	-1.15	-0.20	0.13	1.05	-0.13	-0.83	-0.04	-0.09
384Q	-1.00	0.49	-0.54	0.04	0.12	-0.14	-0.04	-0.04	-0.76	-0.06	-1.12	-0.20	0.13	1.20	-0.13	-1.06	-0.04	-0.09
384P	-1.16	1.46	-1.72	0.04	0.12	-0.14	-0.04	-0.04	-0.68	-0.06	-1.13	-0.20	0.13	0.72	-0.13	0.26	-0.04	-0.09
384S	-1.18	1.33	-1.39	0.04	0.12	-0.09	-0.04	-0.04	-0.65	-0.06	-1.16	-0.20	0.13	0.74	-0.13	-0.34	-0.04	-0.09
384R	-0.13	-1.27	1.75	5.00	-0.84	-5.00	-1.94	3.04	-0.06	-0.06	-1.31	-1.46	0.17	-1.83	2.56	1.33	-0.20	1.31
384T	-1.25	1.18	-1.66	0.11	0.12	-0.15	-0.06	-0.10	-1.19	-0.06	-1.14	-0.23	0.23	0.76	-0.23	-0.27	0.01	-0.14
384W	-0.70	-0.90	0.51	0.04	0.12	-0.14	-0.04	-0.04	-1.69	-0.06	-1.04	-0.20	0.13	0.55	-0.13	-0.56	-0.04	-0.09
384V	-1.26	1.14	-2.08	0.04	0.12	-0.23	-0.04	-0.04	-1.46	-0.06	-1.14	-0.20	0.13	1.25	-0.13	-0.26	-0.04	-0.09
384Y	-0.70	-0.43	0.51	0.04	0.12	-0.16	-0.04	-0.04	-0.91	-0.06	-1.00	-0.20	0.13	0.87	-0.13	-1.00	-0.04	-0.09
348Y	0.60	-1.79	0.45	0.04	0.12	-0.22	-0.04	-0.04	-1.23	-0.06	0.39	-0.20	0.13	1.34	-0.13	-1.26	-0.04	-0.09
348Q	-0.73	-0.35	0.78	-0.14	0.76	-0.27	-0.04	-0.00	-0.20	-0.19	-1.02	-0.20	0.26	1.18	-0.10	-0.37	0.02	-0.16
348P	-0.90	-0.24	0.38	0.04	0.12	-0.21	-0.04	-0.04	-0.55	-0.06	-0.98	-0.20	0.13	1.31	-0.13	-0.29	-0.04	-0.09
348S	-1.07	0.19	0.62	0.04	0.12	-0.11	-0.04	-0.04	-0.10	-0.06	-1.01	-0.20	0.13	0.55	-0.13	-0.01	-0.04	-0.09
348R	-0.30	-0.79	0.91	0.04	0.12	-0.11	-0.04	-0.04	-0.51	-0.06	-1.03	-0.20	0.13	1.22	-0.13	-0.71	-0.04	-0.09
348T	-0.60	-0.21	0.52	0.04	0.12	-0.12	-0.04	-0.04	-0.66	-0.06	-1.02	-0.20	0.13	0.33	-0.13	-0.36	-0.04	-0.09
348W	0.60	-1.25	0.87	0.04	0.12	-0.11	-0.04	-0.04	-0.93	-0.06	-1.05	-0.20	0.13	0.67	-0.13	-0.97	-0.04	-0.09
348I	0.52	-0.96	0.13	0.04	0.12	-0.10	-0.04	-0.04	-1.15	-0.06	-1.02	-0.20	0.13	0.89	-0.13	-0.54	-0.04	-0.09
348H	-0.63	-0.77	1.10	0.04	0.12	-0.26	-0.04	-0.04	-0.61	-0.06	-1.02	-0.20	0.13	1.33	-0.13	-1.51	-0.04	-0.09
348K	-0.47	-0.79	1.00	0.04	0.12	-0.16	-0.04	-0.04	-0.56	-0.06	-1.01	-0.20	0.13	1.29	-0.13	-0.94	-0.04	-0.09
348M	-0.45	-0.68	0.33	0.04	0.12	-0.12	-0.04	-0.04	-1.07	-0.06	-1.03	-0.20	0.13	1.03	-0.13	-0.21	-0.04	-0.09
348L	-0.14	-1.10	0.48	0.07	0.44	-0.14	0.21	-0.04	-1.25	0.01	-0.94	-0.20	0.14	1.02	-0.08	-0.26	0.00	-0.10
348N	-0.91	-0.28	0.98	0.04	0.12	-0.10	-0.04	-0.04	-0.56	-0.06	-1.01	-0.20	0.13	0.76	-0.13	-1.89	-0.04	-0.09
348A	-1.13	0.37	-0.11	0.04	0.12	-0.11	-0.04	-0.04	-0.63	-0.06	-1.02	-0.20	0.13	0.63	-0.13	-0.10	-0.04	-0.09
348C	-0.95	-0.24	0.28	0.04	0.12	-0.11	-0.04	-0.04	-1.05	-0.06	-1.02	-0.20	0.13	0.77	-0.13	-0.68	-0.04	-0.09
348E	-0.54	-0.60	1.47	0.01	0.12	-0.24	-0.05	-0.01	-0.32	-0.15	-1.05	-0.20	0.27	0.52	-0.16	-1.66	-0.02	-0.09
348D	-1.07	-0.25	1.48	0.04	0.12	-0.24	-0.04	-0.04	-0.56	-0.06	-0.99	-0.20	0.13	-0.23	-0.13	-1.83	-0.04	-0.09
348G	-1.20	0.60	0.04	0.02	0.44	-0.20	-0.19	0.07	0.04	-0.19	-1.05	-0.20	0.31	1.02	-0.11	-0.32	0.05	-0.12
348F	0.39	-1.04	0.63	0.04	0.12	-0.16	-0.04	-0.04	-0.55	-0.06	-0.99	-0.20	0.13	1.30	-0.13	-0.23	-0.04	-0.09
346W	1.91	-1.66	-0.43	0.04	0.12	-0.22	-0.04	-0.04	-0.06	-0.06	2.02	-0.20	0.13	2.02	-0.13	-2.00	-0.04	-0.09
309C	0.03	-0.70	-0.01	-0.04	0.28	-0.28	0.00	0.01	-1.09	-0.06	-1.02	-0.07	0.29	1.04	-0.09	-0.36	-0.06	-0.13
346T	-0.67	0.17	-1.51	0.04	0.12	-0.16	-0.04	-0.04	-0.19	-0.06	2.02	-0.20	0.13	2.14	-0.13	-1.80	-0.04	-0.09
309F	0.37	-1.18	0.15	0.04	0.12	-0.14	-0.04	-0.04	-1.54	-0.06	-0.90	-0.20	0.13	0.44	-0.13	0.48	-0.04	-0.09
309G	-0.72	-0.13	-0.05	0.05	0.12	-0.13	-0.03	0.05	-0.83	-0.06	-0.91	-0.23	0.14	0.97	-0.08	-0.33	-0.06	-0.14
309D	-0.27	-0.65	0.26	-0.01	-0.04	-0.30	-0.06	-0.04	-0.95	-0.06	-1.01	-0.33	0.29	1.11	-0.03	-0.73	-0.07	-0.04
309E	0.05	-0.83	0.64	0.04	0.12	-0.18	-0.04	-0.04	-0.66	-0.06	-1.00	-0.20	0.13	0.98	-0.13	-0.30	-0.04	-0.09
309K	0.05	-0.80	0.51	0.11	0.12	-0.10	-0.09	-0.03	-0.73	-0.06	-1.00	0.07	0.14	0.97	-0.19	-0.15	-0.01	-0.10
309H	0.38	-1.22	0.68	0.04	0.12	-0.16	-0.04	-0.04	-1.12	-0.06	-0.89	-0.20	0.13	0.47	-0.13	-0.15	-0.04	-0.09
309I	-0.14	-0.52	0.15	-0.01	-0.04	-0.17	0.03	-0.01	-0.86	-0.06	-1.03	-0.23	0.18	0.88	-0.06	-0.31	-0.08	-0.08
309N	-0.14	-0.86	0.58	0.04	0.12	-0.17	-0.04	-0.04	-0.70	-0.06	-1.04	-0.20	0.13	1.25	-0.13	0.15	-0.04	-0.09
309L	-0.05	-0.67	0.58	0.04	0.12	-0.14	-0.04	-0.04	-0.34	-0.06	-0.76	-0.20	0.13	0.73	-0.13	0.78	-0.04	-0.09
309M	0.06	-0.82	0.24	0.04	0.12	-0.14	-0.04	-0.04	-1.05	-0.06	-1.02	-0.20	0.13	0.97	-0.13	-0.16	-0.04	-0.09
309R	0.34	-1.30	0.61	-0.01	-0.20	-0.14	0.04	-0.01	-1.19	-0.06	-0.96	-0.01	0.14	0.80	-0.11	-0.08	-0.07	-0.08
309S	-0.40	-0.40	0.52	0.04	0.12	-0.18	-0.04	-0.04	-0.45	-0.06	-1.04	-0.20	0.13	0.96	-0.13	-0.11	-0.04	-0.09
309P	-0.11	-0.62	0.13	0.04	0.12	-0.15	-0.04	-0.04	-0.96	-0.06	-1.03	-0.20	0.13	1.04	-0.13	-0.24	-0.04	-0.09
309Q	0.08	-0.89	0.49	0.04	0.12	-0.18	-0.04	-0.04	-0.79	-0.06	-1.03	-0.20	0.13	1.25	-0.13	-0.50	-0.04	-0.09
309V	-0.10	-0.73	-0.10	0.04	0.12	-0.16	-0.04	-0.04	-1.36	-0.06	-1.04	-0.20	0.13	1.07	-0.13	-0.29	-0.04	-0.09
309W	0.48	-1.35	0.70	0.41	0.60	-0.22	0.04	-0.05	-0.90	-0.06	-0.83	-0.25	0.27	0.72	-0.14	0.40	-0.01	-0.09
309T	-0.34	-0.45	0.38	0.04	0.12	-0.16	-0.04	-0.04	-0.68	-0.06	-1.04	-0.20	0.13	0.84	-0.13	-0.05	-0.04	-0.09
417M	-0.84	0.63	-0.79	-0.22	0.28	-0.23	0.06	-0.06	-0.50	-0.24	-0.98	-0.20	0.24	0.93	-0.19	0.50	-0.07	-0.08
346M	0.27	-1.08	-1.02	0.04	0.12	-0.16	-0.04	-0.04	-1.00	-0.06	2.02	-0.20	0.13	2.14	-0.13	-2.48	-0.04	-0.09
309Y	0.35	-1.18	0.13	0.01	-0.84	-0.27	-0.09	-0.14	-1.56	-0.06	-0.91	-0.12	0.25	0.61	-0.27	0.28	-0.03	-0.08
346K	0.93	-0.36	0.35	0.04	0.12	-0.03	-0.04	-0.04	0.42	-0.06	1.80	-0.20	0.13	-1.58	-0.13	-0.63	-0.04	-0.09
346I	-0.51	-0.16	-2.18	0.04	0.12	-0.19	-0.04	-0.04	-1.39	-0.06	2.02	-0.20	0.13	2.38	-0.13	-2.91	-0.04	-0.09
346H	0.21	-0.47	-0.51	0.04	0.12	-0.13	-0.04	-0.04	-0.67	-0.06	0.71	-0.20	0.13	0.64	-0.13	-0.94	-0.04	-0.09
346L	-0.48	-0.08	-2.25	0.04	0.12	-0.15	-0.04	-0.04	-1.35	-0.06	2.02	-0.20	0.13	1.99	-0.13	-2.09	-0.04	-0.09
417K	-0.46	0.48	1.18	0.07	0.12	-0.15	-0.18	0.03	-0.18	-0.01	-1.08	-0.20	0.14	-2.74	-0.10	0.55	-0.05	-0.16
302Y	0.47	-0.68	0.32	0.04	0.12	-0.12	-0.04	-0.04	-0.88	-0.06	-1.10	-0.20	0.13	0.15	-0.13	-0.05	-0.04	-0.09
302W	0.74	-2.32	1.70	0.16	0.12	-0.16	-0.04	0.10	-1.41	-0.06	-0.78	-0.28	0.14	0.72	-0.10	-1.17	-0.01	-0.12
302V	0.23	-0.09	-0.94	0.04	0.12	-0.03	-0.04	-0.04	-1.14	-0.06	-1.04	-0.20	0.13	0.91	-0.13	-0.31	-0.04	-0.09
302T	-0.25	-0.34	0.68	0.04	0.12	-0.09	-0.04	-0.04	-1.45	-0.06	-2.07	-0.20	0.13	-0.66	-0.13	-0.53	-0.04	-0.09
302S	-0.39	-0.37	1.10	0.04	0.12	-0.15	-0.04	-0.04	-1.04	-0.06	-2.08	-0.20	0.13	-0.70	-0.13	0.15	-0.04	-0.09
302R	0.37	-0.57	0.75	0.04	0.12	-0.14	-0.04	-0.04	-0.16	-0.06	-1.11	-0.20	0.13	0.63	-0.13	-0.39	-0.04	-0.09
302Q	-0.40	-0.36	0.70	0.04	0.12	-0.13	-0.04	-0.04	-0.65	-0.06	-1.06	-0.20	0.13	0.22	-0.13	-0.61	-0.04	-0.09
302P	-0.01	-0.22	-0.62	0.94	-0.04	-0.15	0.04	-0.23	-1.29	-0.06	-1.01	0.01	-0.03	0.86	-0.11	-0.85	-0.02	0.10
302N	-0.44	-0.08	0.32	0.04	0.12	-0.16	-0.04	-0.04	-0.82	-0.06	-1.02	-0.20	0.13	0.18	-0.13	-1.34	-0.04	-0.09
302M	-0.18	-0.86	0.80	0.04	0.12	-0.09	-0.04	-0.04	-0.96	-0.06	-1.07	-0.20	0.13	0.47	-0.13	-0.26	-0.04	-0.09
302L	0.24	-0.57	0.10	0.04	0.12	-0.11	-0.04	-0.04	-1.21	-0.06	-1.07	-0.20	0.13	0.39	-0.13	-1.31	-0.04	-0.09
302K	-0.22	-0.61	0.93	0.04	0.12	-0.12	-0.04	-0.04	-0.57	-0.06	-1.07	-0.20	0.13	0.77	-0.13	-1.50	-0.04	-0.09
302I	0.65	-0.66	-0.67	0.04	0.12	-0.11	-0.04	-0.04	-1.31	-0.06	-0.88	-0.20	0.13	1.17	-0.13	-0.85	-0.04	-0.09
302H	0.38	-0.97	1.94	0.04	0.12	-0.12	-0.04	-0.04	-0.91	-0.06	-2.45	-0.20	0.13	-0.39	-0.13	-1.81	-0.04	-0.09
302G	-0.76	0.15	-0.31	0.04	0.12	-0.25	-0.04	-0.04	-0.89	-0.06	-1.02	-0.20	0.13	0.91	-0.13	-0.64	-0.04	-0.09
302F	0.32	-0.72	0.27	0.04	0.12	-0.14	-0.04	-0.04	-1.01	-0.06	-1.10	-0.20	0.13	0.20	-0.13	0.20	-0.04	-0.09
302E	-0.57	-0.20	0.69	0.04	0.12	-0.10	-0.04	-0.04	-0.84	-0.06	-1.05	-0.20	0.13	0.02	-0.13	-1.65	-0.04	-0.09
302D	-0.08	-0.43	2.16	-0.05	0.28	-0.10	-0.06	0.01	-0.88	-0.06	-1.24	-0.58	0.16	-2.86	-0.20	-1.96	-0.06	0.01
302C	-0.41	-0.42	0.06	0.04	0.12	-0.14	-0.04	-0.04	-1.24	-0.06	-1.03	-0.20	0.13	0.43	-0.13	-0.18	-0.04	-0.09
417T	-0.86	1.28	-0.83	0.04	0.12	-0.22	-0.04	-0.04	0.46	-0.06	-1.02	-0.20	0.13	0.92	-0.13	0.78	-0.04	-0.09
417V	-0.74	1.13	-1.01	0.04	-0.04	-0.12	-0.09	-0.03	0.11	0.01	-1.04	-0.20	0.13	0.81	-0.16	1.02	-0.02	-0.05
417P	-0.94	1.23	-0.74	0.04	0.12	-0.14	-0.04	-0.04	0.40	-0.06	-1.01	-0.20	0.13	0.78	-0.13	1.00	-0.04	-0.09
417Q	-0.57	0.69	-0.03	0.04	0.12	-0.14	-0.04	-0.04	0.31	-0.06	-1.01	-0.20	0.13	0.72	-0.13	-0.41	-0.04	-0.09
417R	-0.37	0.04	1.27	0.02	0.28	-0.12	-0.07	0.13	0.29	-0.08	-1.07	-0.20	0.14	-0.72	-0.07	0.20	-0.04	-0.13
346V	-0.63	0.02	-1.92	0.04	0.12	-0.18	-0.04	-0.04	-0.82	-0.06	2.02	-0.20	0.13	2.16	-0.13	-1.82	-0.04	-0.09
417Y	0.13	0.07	-0.46	0.07	-0.04	-0.11	-0.06	-0.05	-0.20	-0.01	-1.02	-0.20	0.14	1.00	-0.13	0.86	-0.05	-0.10
417D	-0.77	1.23	-0.32	0.01	0.60	-0.22	-0.06	-0.08	1.05	0.03	-1.04	-0.20	0.27	0.90	-0.12	0.96	-0.07	-0.07
417E	-0.77	0.91	0.05	-0.62	0.12	-0.27	-0.20	-0.01	0.83	0.05	-1.00	-0.20	0.30	1.06	-0.18	-0.07	-0.03	-0.07
417F	-0.68	0.59	-0.88	0.04	0.12	-0.14	-0.04	-0.04	-0.60	-0.06	-0.98	-0.20	0.13	0.72	-0.13	0.67	-0.04	-0.09
417G	-0.90	1.61	-0.91	0.04	0.12	-0.14	-0.04	-0.04	0.81	-0.06	-1.02	-0.20	0.13	0.77	-0.13	1.05	-0.04	-0.09
417A	-0.99	1.52	-1.02	0.05	-0.04	-0.12	-0.04	-0.02	0.51	-0.04	-0.99	-0.20	0.14	0.76	-0.15	1.07	-0.03	-0.13
417C	-1.01	1.26	-1.00	0.04	0.12	-0.22	-0.04	-0.04	0.18	-0.06	-0.99	-0.20	0.13	0.93	-0.13	0.89	-0.04	-0.09
417L	-0.91	0.54	-0.39	0.02	-0.04	-0.15	-0.03	0.02	-0.10	0.01	-1.11	-0.20	0.15	1.24	-0.08	0.60	-0.04	-0.08
346S	-0.70	0.50	-1.40	0.04	0.12	-0.16	-0.04	-0.04	0.14	-0.06	2.02	-0.20	0.13	1.94	-0.13	-2.64	-0.04	-0.09
417N	-0.95	1.19	-0.49	0.04	0.12	-0.14	-0.04	-0.04	0.46	-0.06	-1.01	-0.20	0.13	0.71	-0.13	0.39	-0.04	-0.09
417H	-0.86	0.79	-0.23	-0.02	-0.04	-0.16	-0.02	-0.07	0.14	-0.08	-1.01	-0.20	0.14	0.63	-0.06	0.18	-0.08	-0.08
417I	-1.00	0.96	-0.81	0.04	0.12	-0.17	-0.04	-0.04	-0.16	-0.06	-1.07	-0.20	0.13	0.97	-0.13	0.42	-0.04	-0.09
346R	-0.02	-1.50	0.97	0.04	0.12	-0.14	-0.04	-0.04	0.18	-0.06	0.54	-0.20	0.13	2.85	-0.13	-1.03	-0.04	-0.09
346Q	-0.25	-0.56	-0.00	0.04	0.12	-0.17	-0.04	-0.04	-0.89	-0.06	0.88	-0.20	0.13	0.65	-0.13	-3.00	-0.04	-0.09
346P	-0.61	0.39	-1.69	0.04	0.12	-0.20	-0.04	-0.04	-0.12	-0.06	2.02	-0.20	0.13	2.05	-0.13	-2.11	-0.04	-0.09
346Y	1.16	-1.33	-0.10	0.04	0.12	-0.08	-0.04	-0.04	-0.29	-0.06	2.02	-0.20	0.13	0.92	-0.13	-2.15	-0.04	-0.09
417S	-0.91	1.42	-0.68	0.04	0.12	-0.16	-0.01	-0.05	0.76	-0.06	-1.01	-0.20	0.14	0.76	-0.12	0.99	-0.08	-0.05
346G	-0.65	0.66	-1.85	0.04	0.12	-0.14	-0.04	-0.04	0.13	-0.06	2.02	-0.20	0.13	2.24	-0.13	-2.39	-0.04	-0.09
346F	0.97	-0.72	-1.46	0.04	0.12	-0.10	-0.04	-0.04	-0.49	-0.06	2.02	-0.20	0.13	1.75	-0.13	-1.80	-0.04	-0.09
346E	-0.24	-0.47	0.91	0.19	0.12	0.19	0.00	-0.07	-1.44	-0.08	0.28	-0.20	0.33	-3.28	-0.18	-0.44	0.04	-0.16
346D	-0.84	0.24	-0.41	0.04	0.12	-0.18	-0.04	-0.04	-2.35	-0.06	-0.14	-0.20	0.13	-3.22	-0.13	0.16	-0.04	-0.09
346C	-0.60	0.08	-1.69	0.04	0.12	-0.14	-0.04	-0.04	-0.67	-0.06	2.02	-0.20	0.13	1.67	-0.13	-1.63	-0.04	-0.09
401Y	-0.40	-0.65	0.38	0.04	0.12	-0.08	-0.04	-0.04	-1.26	-0.06	-0.95	-0.20	0.13	0.33	-0.13	-0.30	-0.04	-0.09
346A	-0.64	0.42	-1.80	0.04	0.12	-0.14	-0.04	-0.04	-0.26	-0.06	2.02	-0.20	0.13	2.07	-0.13	-2.43	-0.04	-0.09
401S	-0.80	0.25	-0.28	0.04	0.12	-0.18	-0.04	-0.04	-0.59	-0.06	-1.00	-0.20	0.13	0.92	-0.13	-0.01	-0.04	-0.09
401R	-0.41	-0.02	-0.12	0.04	0.12	-0.12	-0.04	-0.04	-0.60	-0.06	-1.02	-0.20	0.13	0.82	-0.13	0.01	-0.04	-0.09
401Q	-0.12	-0.72	1.06	0.04	0.12	-0.13	-0.04	-0.04	-0.32	-0.06	-0.88	-0.20	0.13	0.33	-0.13	0.16	-0.04	-0.09
401P	-0.83	-0.06	-0.11	-0.07	0.12	-0.22	0.06	-0.07	-0.92	-0.06	-0.99	-0.20	0.28	0.70	-0.12	0.23	-0.04	-0.18
401W	1.53	-1.23	0.35	0.50	0.12	-0.11	-0.14	-0.01	-0.14	0.37	-0.28	-0.20	0.12	0.81	-0.22	0.29	-0.01	-0.11
401T	-0.51	-0.01	-0.05	0.04	0.12	-0.14	-0.13	-0.02	-0.70	-0.15	-1.01	-0.20	0.13	0.65	-0.11	-0.25	-0.03	-0.10
401K	-0.38	-0.03	-0.12	0.04	0.12	-0.15	-0.04	-0.04	-0.60	-0.06	-1.02	-0.20	0.13	0.82	-0.13	0.02	-0.04	-0.09
401I	0.23	-0.65	0.22	0.08	0.12	-0.24	0.12	-0.04	-0.55	0.05	-0.90	-0.20	0.24	0.89	-0.17	0.40	-0.06	-0.09
401H	-0.18	-0.90	0.99	0.04	0.12	-0.21	-0.04	-0.04	-0.63	-0.06	-0.92	-0.20	0.13	0.86	-0.13	-0.65	-0.04	-0.09
401N	-0.53	-0.48	0.56	0.04	0.12	-0.28	-0.04	-0.04	-0.62	-0.06	-0.99	-0.20	0.13	1.17	-0.13	-0.78	-0.04	-0.09
401M	-0.44	-0.59	0.17	0.04	0.12	-0.09	-0.04	-0.04	-1.37	-0.06	-0.92	-0.20	0.13	0.29	-0.13	0.09	-0.04	-0.09
401L	0.13	-0.72	-0.01	0.20	-0.04	-0.20	-0.24	-0.02	-0.84	-0.06	-1.03	-0.20	0.25	1.33	-0.18	0.22	-0.05	-0.07
401C	-0.67	0.14	-0.21	0.19	0.12	-0.12	-0.12	-0.02	-0.62	-0.01	-1.02	-0.20	0.13	0.79	-0.13	0.14	-0.03	-0.08
401A	-0.83	0.31	-0.42	-0.37	0.12	-0.21	-0.03	-0.02	-0.64	-0.08	-0.99	-0.20	0.25	0.95	-0.15	-0.01	-0.07	-0.07
401G	-0.76	0.38	-0.33	0.04	0.12	-0.05	-0.04	-0.04	-0.49	-0.06	-1.01	-0.20	0.13	0.65	-0.13	0.29	-0.04	-0.09
401F	-0.45	-0.55	0.11	0.04	0.12	-0.08	-0.04	-0.04	-1.34	-0.06	-0.95	-0.20	0.13	0.45	-0.13	-0.02	-0.04	-0.09
401E	-0.50	-0.46	1.04	0.05	0.12	-0.16	0.00	-0.07	-0.39	0.05	-1.00	-0.20	0.13	0.57	-0.11	-1.04	-0.05	-0.10
401D	-0.47	-0.57	0.96	0.08	0.12	-0.26	0.00	-0.05	-0.65	-0.04	-1.00	-0.20	0.21	0.44	-0.14	-0.93	-0.03	-0.09
305N	-0.50	-0.31	0.02	0.29	0.12	-0.18	-0.05	-0.15	-1.09	-0.06	-1.01	-0.09	0.12	0.61	-0.07	-0.45	0.00	-0.13
305M	-0.42	-0.33	-0.13	0.04	0.12	-0.13	-0.04	-0.04	-1.18	-0.06	-1.01	-0.20	0.13	0.70	-0.13	-0.24	-0.04	-0.09
305K	-0.60	-0.53	0.30	0.11	0.44	-0.07	-0.03	-0.04	-1.08	-0.06	-1.02	0.01	0.28	0.94	-0.08	-0.94	0.02	-0.06
305H	-0.49	-0.52	0.15	0.04	0.12	-0.26	-0.04	-0.04	-1.21	-0.06	-0.95	-0.20	0.13	0.99	-0.13	-1.08	-0.04	-0.09
305I	-0.24	-0.33	-0.22	-0.56	-0.04	-0.10	0.42	-0.96	-1.43	-0.06	-1.03	-0.07	0.07	1.03	-0.28	-0.02	-1.39	1.13
305F	-0.42	-0.60	-0.10	0.10	0.12	-0.11	-0.02	-0.03	-1.55	-0.06	-0.99	-0.25	0.13	0.63	-0.11	-0.33	0.01	0.01
305G	-0.48	0.03	-0.24	0.19	0.28	-0.08	-0.12	-0.10	-0.74	-0.06	-0.97	-0.25	0.13	0.72	-0.15	-0.10	0.03	-0.10
305D	-0.47	-0.50	0.31	0.08	-0.20	-0.31	0.06	-0.08	-0.94	-0.06	-0.97	-0.09	0.25	0.97	-0.13	-0.97	0.01	-0.02
305E	-0.51	-0.49	0.55	0.04	0.12	-0.14	-0.04	-0.04	-0.72	-0.06	-0.95	-0.20	0.13	1.10	-0.13	-1.14	-0.04	-0.09
305C	-0.46	-0.40	-0.11	-0.01	0.28	-0.14	-0.07	-0.06	-1.26	-0.06	-0.98	-0.12	0.13	0.67	-0.05	-0.26	-0.03	-0.14
305A	-0.40	-0.25	-0.41	-0.01	-0.04	-0.14	-0.05	0.17	-1.35	-0.06	-0.97	0.01	0.13	0.66	-0.09	-0.21	-0.17	-0.13
305Y	0.26	-0.94	-0.21	0.05	-1.64	-0.13	-0.29	-0.13	-1.62	-0.06	-0.76	-0.41	0.15	0.74	-0.11	-0.60	0.01	-0.09
305V	-0.19	-0.40	-0.42	0.04	0.12	-0.13	-0.04	-0.04	-1.44	-0.06	-0.95	-0.20	0.13	0.63	-0.13	-0.21	-0.04	-0.09
305W	-0.18	-0.72	-0.18	0.17	0.12	-0.09	0.04	0.08	-1.61	-0.06	-0.87	-0.12	0.12	0.73	-0.08	-0.52	-0.12	-0.08
305T	-0.24	-0.43	-0.26	0.04	0.12	-0.14	-0.04	-0.04	-1.37	-0.06	-0.95	-0.20	0.13	0.64	-0.13	-0.40	-0.04	-0.09
305R	-0.14	-0.63	0.19	0.04	0.12	-0.14	-0.04	-0.04	-1.11	-0.06	-0.90	-0.20	0.13	0.72	-0.13	-0.70	-0.04	-0.09
305S	-0.45	-0.28	0.02	0.04	0.12	-0.12	-0.04	-0.04	-0.98	-0.06	-0.96	-0.20	0.13	0.71	-0.13	-0.48	-0.04	-0.09
305P	-0.31	-0.45	-0.08	-0.13	0.28	-0.08	-0.75	-0.00	-1.11	-0.06	-0.95	0.34	0.28	0.95	-0.19	-0.40	-0.04	-0.08
305Q	-0.45	-0.52	0.38	-0.07	-0.20	-0.18	-0.09	0.07	-0.95	-0.06	-0.97	-0.07	0.15	0.98	-0.13	-1.09	-0.06	-0.10
306C	-0.29	0.06	-0.75	0.04	0.12	-0.11	-0.04	-0.04	-1.04	-0.06	-0.95	-0.20	0.13	0.77	-0.13	0.10	-0.04	-0.09
306A	-0.34	0.39	-0.88	0.04	0.12	-0.12	-0.04	-0.04	-0.69	-0.06	-0.95	-0.20	0.13	0.81	-0.13	0.12	-0.04	-0.09
306G	-0.82	0.75	-0.68	0.04	0.12	-0.11	-0.04	-0.04	-0.30	-0.06	-0.91	-0.20	0.13	0.79	-0.13	0.05	-0.04	-0.09
306F	-0.54	-0.11	-0.47	0.04	0.12	-0.11	-0.04	-0.04	-1.21	-0.06	-1.00	-0.20	0.13	0.72	-0.13	0.13	-0.04	-0.09
306E	-0.72	0.23	0.62	0.04	0.12	-0.14	-0.04	-0.04	-0.14	-0.06	-0.99	-0.20	0.13	0.25	-0.13	-1.09	-0.04	-0.09
306D	-0.22	0.10	0.26	0.04	0.12	-0.11	-0.04	-0.04	-0.09	-0.06	-0.91	-0.20	0.13	0.01	-0.13	0.67	-0.04	-0.09
306K	0.10	-0.47	0.76	0.04	0.12	-0.22	-0.04	-0.04	0.25	-0.06	-1.02	-0.20	0.13	1.24	-0.13	0.11	-0.04	-0.09
306I	0.06	-0.12	-0.75	0.04	0.12	-0.12	-0.04	-0.04	-1.03	-0.06	-0.90	-0.20	0.13	0.81	-0.13	0.02	-0.04	-0.09
306H	0.01	-0.34	0.04	0.04	0.12	-0.14	-0.04	-0.04	-0.83	-0.06	-0.99	-0.20	0.13	0.65	-0.13	-0.74	-0.04	-0.09
306N	-0.27	-0.11	0.10	0.04	0.12	-0.26	-0.04	-0.04	-0.31	-0.06	-1.01	-0.20	0.13	1.03	-0.13	-0.01	-0.04	-0.09
306M	0.01	-0.41	-0.47	0.04	0.12	-0.13	-0.04	-0.04	-1.19	-0.06	-1.02	-0.20	0.13	0.93	-0.13	0.08	-0.04	-0.09
306L	0.17	-0.21	-0.58	0.04	0.12	-0.13	-0.04	-0.04	-0.85	-0.06	-1.03	-0.20	0.13	0.99	-0.13	0.15	-0.04	-0.09
306S	-0.64	0.50	-0.34	0.04	0.12	-0.14	-0.04	-0.04	-0.19	-0.06	-0.92	-0.20	0.13	0.67	-0.13	0.29	-0.04	-0.09
306R	0.04	-0.69	0.56	0.05	0.12	-0.23	-0.04	-0.09	-0.60	-0.06	-1.03	-0.15	0.30	1.18	-0.15	-1.39	0.00	-0.11
306Q	-0.48	0.04	-0.28	0.23	-0.20	-0.10	-0.02	-0.07	-0.67	-0.06	-0.94	-0.31	0.14	0.88	-0.11	-0.19	-0.02	-0.09
306P	-0.97	0.41	-0.51	0.44	0.12	-0.10	-0.18	0.38	-0.67	-0.06	-1.00	0.23	0.10	0.70	0.03	0.33	-0.11	-0.09
306W	-0.19	-0.44	-0.03	0.08	-0.04	-0.07	-0.02	-0.11	-1.22	-0.06	-1.06	0.09	0.13	0.65	-0.12	-0.78	-0.05	-0.08
306V	-0.32	0.15	-0.73	0.04	0.12	-0.10	-0.04	-0.04	-0.81	-0.06	-0.88	-0.20	0.13	0.91	-0.13	0.05	-0.04	-0.09
306T	-0.73	0.48	-0.20	0.04	0.12	-0.11	-0.04	-0.04	-0.15	-0.06	-0.94	-0.20	0.13	0.56	-0.13	0.52	-0.04	-0.09
