384A	-0.77	1.36	0.68	-0.16	-0.25	0.24	0.18	-0.17	2.20	0.10	1.10	0.21	-0.06	2.25	0.19	-0.28	0.04	0.09
384C	-0.64	1.93	-0.10	0.08	-0.11	0.22	0.08	-0.12	2.02	0.10	1.19	0.05	-0.01	0.84	0.03	-0.12	0.05	-0.08
384E	-0.52	0.58	1.46	-0.12	-0.11	0.18	0.10	-0.12	1.46	0.10	1.11	0.08	-0.04	1.55	-0.14	-1.77	-0.04	0.06
384D	-0.49	0.70	1.29	-0.12	-0.11	0.21	0.10	-0.12	1.69	0.10	1.09	0.08	-0.04	1.88	-0.14	-1.40	-0.04	0.06
384G	-0.52	0.97	0.39	-0.12	-0.11	0.32	0.10	-0.12	1.64	0.10	1.08	0.08	-0.04	2.14	-0.14	-0.89	-0.04	0.06
384I	-0.63	0.74	0.18	-0.12	-0.11	0.36	0.26	-0.15	1.26	0.10	1.09	0.15	-0.03	2.19	0.11	-0.84	-0.13	0.14
384H	-0.75	0.37	1.98	-0.12	-0.11	0.27	0.10	-0.12	1.59	0.10	1.13	0.08	-0.04	1.65	-0.14	-0.89	-0.04	0.06
384K	-0.46	-0.27	2.91	-0.12	-0.11	0.31	0.10	-0.12	1.63	0.10	1.09	0.08	-0.04	2.67	-0.14	-2.83	-0.04	0.06
384M	-0.77	0.48	0.06	-0.12	-0.11	0.28	0.10	-0.12	0.90	0.10	1.13	0.08	-0.04	2.22	-0.14	-0.45	-0.04	0.06
384L	-0.58	0.43	-0.42	-0.12	-0.11	0.23	0.10	-0.12	0.53	0.10	1.11	0.08	-0.04	1.89	-0.14	-0.94	-0.04	0.06
384N	-0.67	1.39	1.13	-0.12	-0.11	0.20	0.10	-0.12	2.08	0.10	1.16	0.08	-0.04	1.53	-0.14	-1.32	-0.04	0.06
384Q	-0.57	0.39	1.15	-0.12	-0.11	0.33	0.10	-0.12	1.33	0.10	1.08	0.08	-0.04	2.09	-0.14	-1.43	-0.04	0.06
384P	-0.63	1.24	0.88	-0.12	-0.11	0.26	0.10	-0.12	2.19	0.10	1.09	0.08	-0.04	2.13	-0.14	-0.33	-0.04	0.06
384S	-0.76	1.19	-0.07	-0.12	-0.11	0.24	0.10	-0.12	1.51	0.10	1.14	0.08	-0.04	2.30	-0.14	-0.79	-0.04	0.06
384R	-0.55	-0.55	5.00	-0.12	-0.11	0.31	0.10	-0.12	1.15	0.10	-1.72	0.08	-0.04	-1.22	-0.14	0.70	-0.04	0.06
384T	-0.54	1.93	-0.11	-0.12	-0.11	0.20	0.10	-0.12	2.06	0.10	1.18	0.08	-0.04	0.99	-0.14	-0.34	-0.04	0.06
384W	-0.55	-1.02	2.37	-0.12	-0.11	0.17	0.10	-0.12	0.77	0.10	1.19	0.08	-0.04	2.00	-0.14	-0.52	-0.04	0.06
384V	-0.55	2.03	-0.30	-0.12	-0.11	0.21	0.10	-0.12	2.07	0.10	1.19	0.08	-0.04	0.93	-0.14	-0.12	-0.04	0.06
384Y	-0.78	0.09	1.44	-0.12	-0.11	0.27	0.10	-0.12	0.98	0.10	1.15	0.08	-0.04	1.65	-0.14	-0.97	-0.04	0.06
348Y	0.18	-1.08	0.30	-0.12	-0.11	0.02	0.10	-0.12	-0.67	0.10	1.13	0.08	-0.04	-0.14	-0.14	-0.86	-0.04	0.06
348Q	-0.28	-0.87	2.13	-0.12	-0.11	0.21	0.10	-0.12	0.69	0.10	1.22	0.08	-0.04	1.34	-0.14	-1.02	-0.04	0.06
348P	-0.13	-0.60	0.60	-0.07	-0.11	0.03	-0.08	0.33	0.10	-0.12	1.16	0.08	-0.23	-0.17	2.05	0.22	-0.24	0.28
348S	-0.49	-0.17	0.87	-0.12	-0.11	0.18	0.10	-0.12	0.64	0.10	1.16	0.08	-0.04	1.20	-0.14	-0.10	-0.04	0.06
348R	0.28	-1.27	2.73	-0.12	-0.11	0.03	0.10	-0.12	0.74	0.10	1.19	0.08	-0.04	0.73	-0.14	-1.41	-0.04	0.06
348T	-0.32	-0.48	1.12	-0.12	-0.11	0.17	0.10	-0.12	0.57	0.10	1.16	0.08	-0.04	0.98	-0.14	0.12	-0.04	0.06
348W	0.77	-1.14	0.98	-0.12	-0.11	0.15	0.10	-0.12	0.21	0.10	1.13	0.08	-0.04	0.36	-0.14	-1.18	-0.04	0.06
348V	0.19	-0.90	0.49	-1.41	0.30	0.10	0.28	-0.17	-0.10	0.35	1.32	0.08	0.21	0.53	-0.46	-0.68	0.25	0.06
348I	-0.13	-1.03	0.61	-0.72	-0.52	0.02	0.41	-0.51	-0.40	-0.28	1.20	0.08	-1.16	0.63	-0.14	-0.93	0.76	0.05
348H	0.29	-1.05	1.93	-0.12	-0.11	0.16	0.10	-0.12	0.15	0.10	0.00	0.08	-0.04	0.01	-0.14	-0.39	-0.04	0.06
348K	0.14	-1.21	4.23	-0.12	-0.11	0.02	0.10	-0.12	1.70	0.10	1.17	0.08	-0.04	0.18	-0.14	0.59	-0.04	0.06
348M	-0.11	-1.41	0.39	-0.12	-0.11	0.20	0.10	-0.12	-0.63	0.10	1.17	0.08	-0.04	0.63	-0.14	0.48	-0.04	0.06
348L	0.27	-0.88	0.33	-0.12	-0.11	0.04	0.10	-0.12	-0.39	0.10	1.16	0.08	-0.04	-0.10	-0.14	-1.06	-0.04	0.06
348N	0.12	-0.80	1.60	0.34	-0.11	0.09	0.04	-0.23	0.07	0.09	0.34	0.08	-0.50	-0.17	0.76	-0.94	-0.18	0.13
348A	-0.48	-0.41	0.26	-0.07	0.44	0.10	0.04	-0.12	0.21	0.22	1.15	0.08	-0.46	1.68	0.20	-0.09	-0.22	0.15
348C	-0.48	-0.69	0.73	-0.12	-0.11	0.20	0.10	-0.12	0.14	0.10	1.15	0.08	-0.04	1.43	-0.14	-0.01	-0.04	0.06
348E	0.04	-0.79	3.22	-0.11	0.03	0.16	-0.08	-0.02	0.83	0.18	1.14	0.08	-0.11	-0.58	-0.20	-1.75	0.24	0.15
348D	-0.08	-0.73	2.46	0.28	-0.11	0.03	0.22	-0.30	0.70	0.09	1.16	0.08	-0.70	-0.16	-0.06	-0.73	0.08	-0.02
348F	0.07	-1.10	0.43	-0.12	-0.11	0.03	0.10	-0.12	-0.76	0.10	1.15	0.08	-0.04	-0.14	-0.14	-1.13	-0.04	0.06
417G	-1.88	1.07	0.77	0.36	-1.49	0.15	-0.16	1.86	0.66	1.11	1.27	0.08	-1.65	1.33	-0.66	-1.15	0.46	0.65
346W	0.74	-1.36	-0.31	1.18	0.17	-0.28	0.41	-0.15	-0.21	-0.06	1.25	0.08	0.31	0.71	0.24	0.12	0.09	0.03
309C	-0.87	0.10	-0.16	-0.12	-0.11	0.14	0.10	-0.12	-0.04	0.10	1.13	0.08	-0.04	1.26	-0.14	-0.69	-0.04	0.06
309A	-0.87	0.45	-0.11	-0.12	-0.11	0.14	0.10	-0.12	0.48	0.10	1.13	0.08	-0.04	1.54	-0.14	-0.41	-0.04	0.06
309F	-0.78	0.47	0.55	-0.12	-0.11	0.11	0.10	-0.12	1.24	0.10	1.12	0.08	-0.04	2.14	-0.14	0.24	-0.04	0.06
309G	-0.79	0.93	0.62	-0.12	-0.11	0.02	0.10	-0.12	1.66	0.10	1.15	0.08	-0.04	1.96	-0.14	0.18	-0.04	0.06
309D	-0.75	0.76	1.06	-0.12	-0.11	0.13	0.10	-0.12	1.37	0.10	1.14	0.08	-0.04	1.03	-0.14	-0.33	-0.04	0.06
309E	-0.77	-0.17	2.20	0.52	0.03	0.12	0.41	-0.77	1.27	0.10	1.05	0.31	-2.18	1.35	2.14	-0.68	0.46	0.18
309K	-0.97	0.64	1.22	2.49	-0.38	-0.81	0.28	-1.05	1.29	0.10	0.87	-0.65	-0.46	2.01	3.06	-2.23	-0.15	-0.63
309H	-0.72	0.52	1.13	-0.12	-0.11	0.12	0.10	-0.12	1.59	0.10	1.15	0.08	-0.04	1.80	-0.14	0.44	-0.04	0.06
309I	0.60	0.22	-1.14	-0.07	0.44	-0.37	0.36	-0.77	0.90	0.10	0.96	-0.51	-1.12	0.93	4.79	0.34	-0.86	-0.10
309N	-0.71	0.84	0.87	-0.12	-0.11	0.12	0.10	-0.12	1.62	0.10	1.15	0.08	-0.04	1.64	-0.14	-0.11	-0.04	0.06
309L	-0.69	0.41	0.35	-0.14	-0.11	0.14	0.10	-0.06	1.16	0.10	1.12	0.14	-0.05	2.21	-0.24	0.19	-0.03	0.09
309R	-0.16	-0.24	2.37	0.42	-0.11	-0.02	0.03	-0.08	1.48	0.10	1.18	0.04	-0.86	0.45	0.18	0.26	0.07	-0.00
309S	-1.02	0.76	0.95	0.44	-0.38	0.91	0.14	-0.02	1.48	0.10	1.53	-0.03	-0.84	2.34	-1.79	-0.74	-0.07	0.15
309P	-0.76	0.83	0.84	-0.12	-0.11	0.13	0.10	-0.12	1.42	0.10	1.13	0.08	-0.04	1.33	-0.14	-0.22	-0.04	0.06
309Q	-0.75	0.28	1.68	-0.17	-0.25	0.25	0.17	-0.04	1.25	0.10	1.11	0.03	-0.04	1.36	0.01	-0.68	-0.22	0.07
309V	-0.24	0.20	-1.13	-0.13	-0.11	0.22	0.20	-0.23	-0.15	0.10	1.09	0.05	-0.01	0.68	0.59	-0.83	-0.08	0.05
309W	-0.30	-0.22	1.35	-0.12	-0.11	0.12	0.10	-0.12	1.54	0.10	1.12	0.08	-0.04	1.91	-0.14	1.54	-0.04	0.06
309T	-0.81	0.86	0.72	-0.12	-0.11	0.03	0.10	-0.12	1.63	0.10	1.14	0.08	-0.04	2.01	-0.14	0.10	-0.04	0.06
417M	-0.93	0.16	1.31	-0.15	-0.11	0.24	0.15	-0.19	0.51	0.10	1.17	0.08	-0.11	0.67	0.35	-1.33	-0.03	0.14
346N	0.23	-0.13	1.00	-0.12	-0.11	-0.23	0.10	-0.12	0.43	0.10	-0.89	0.08	-0.04	0.36	-0.14	0.17	-0.04	0.06
346M	0.98	-1.51	-1.62	-0.12	-0.11	-0.19	0.10	-0.12	-0.74	0.10	1.15	0.08	-0.04	1.86	-0.14	-0.14	-0.04	0.06
309Y	-0.50	-0.20	1.34	-0.12	-0.11	0.00	0.10	-0.12	0.92	0.10	1.16	0.08	-0.04	1.28	-0.14	0.14	-0.04	0.06
346K	0.62	-1.10	-0.12	-0.12	-0.11	-0.26	0.10	-0.12	0.00	0.10	1.20	0.08	-0.04	0.88	-0.14	0.39	-0.04	0.06
346I	1.23	0.08	-1.90	-0.05	0.03	0.41	1.09	-0.75	0.87	0.02	1.48	0.08	1.37	1.65	-2.50	-0.05	-0.03	-0.23
346H	1.22	-0.51	-0.89	-0.12	-0.11	-3.45	0.10	-0.12	-0.88	0.10	-1.10	0.08	-0.04	-1.90	-0.14	2.49	-0.04	0.06
346L	0.31	-0.36	-2.90	-0.12	-0.11	-0.06	0.10	-0.12	-0.34	0.10	1.14	0.08	-0.04	2.26	-0.14	1.49	-0.04	0.06
417K	-0.88	-0.24	3.35	0.13	0.30	0.09	0.10	0.14	1.20	0.33	1.35	0.08	-0.45	1.38	0.12	-2.54	-0.48	-0.11
302Y	2.93	-5.00	5.00	-0.06	-0.11	-4.03	0.20	0.24	-0.07	0.10	0.66	0.11	-0.06	-2.09	-0.11	-0.75	-0.04	-0.00
302W	1.18	-2.14	2.21	-0.12	-0.11	0.15	0.10	-0.12	0.49	0.10	1.15	0.08	-0.04	0.70	-0.14	-0.38	-0.04	0.06
302V	-0.19	-0.86	0.98	-0.12	-0.11	0.28	0.10	-0.12	0.64	0.10	1.14	0.08	-0.04	2.34	-0.14	0.00	-0.04	0.06
302T	-0.71	-0.54	2.53	-0.12	-0.11	0.34	0.10	-0.12	0.25	0.10	-0.85	0.08	-0.04	0.95	-0.14	-0.60	-0.04	0.06
302S	-0.73	0.32	1.90	1.39	0.17	1.39	-1.16	-0.47	0.54	0.10	-0.68	1.78	2.12	-1.08	1.41	-0.68	-1.58	5.00
302R	-0.14	-1.27	2.81	-0.12	-0.11	0.08	0.10	-0.12	1.48	0.10	1.18	0.08	-0.04	3.20	-0.14	-0.40	-0.04	0.06
302Q	-0.59	-0.66	2.19	-0.12	-0.11	0.29	0.10	-0.12	1.00	0.10	1.11	0.08	-0.04	2.35	-0.14	-1.00	-0.04	0.06
302P	-0.23	-0.85	0.86	-0.12	-0.11	0.20	0.10	-0.12	0.19	0.10	1.07	0.08	-0.04	2.14	-0.14	-1.44	-0.04	0.06
302N	-0.31	-1.50	3.63	-0.12	-0.11	0.20	0.10	-0.12	0.99	0.10	0.79	0.08	-0.04	1.86	-0.14	-0.58	-0.04	0.06
302M	-0.54	-0.94	1.92	-0.12	-0.11	0.04	0.10	-0.12	0.80	0.10	1.20	0.08	-0.04	2.53	-0.14	-0.37	-0.04	0.06
302L	0.45	-0.82	-0.09	-0.12	-0.11	0.16	0.10	-0.12	-0.25	0.10	1.11	0.08	-0.04	0.39	-0.14	-0.94	-0.04	0.06
302K	-0.21	-0.98	3.39	-0.17	-0.66	0.22	0.10	-0.10	1.59	0.10	1.12	0.33	-0.07	2.57	-0.89	-1.05	-0.20	-0.02
302I	0.43	-1.53	0.64	-0.12	-0.11	0.15	0.10	-0.12	-0.16	0.10	1.17	0.08	-0.04	1.14	-0.14	-0.19	-0.04	0.06
302H	-0.48	-0.49	1.72	-1.54	-3.69	1.36	0.03	0.70	1.47	0.10	1.19	0.03	0.34	1.63	-2.39	-0.98	4.94	0.40
302G	-0.33	0.75	0.60	-0.12	-0.11	0.24	0.10	-0.12	0.96	0.10	1.20	0.08	-0.04	-0.13	-0.14	-0.89	-0.04	0.06
302F	1.12	-0.21	-0.13	-0.12	-0.38	0.45	0.06	0.11	1.34	0.10	1.39	0.08	-0.03	0.83	0.49	-0.01	-0.12	-0.17
302E	-0.64	-0.54	2.52	-0.12	-0.11	0.27	0.10	-0.12	1.11	0.10	1.11	0.08	-0.04	1.80	-0.14	-0.79	-0.04	0.06
302D	-0.26	-0.57	4.96	-0.12	-0.11	0.10	0.10	-0.12	0.73	0.10	0.36	0.08	-0.04	-3.37	-0.14	-0.90	-0.04	0.06
302C	-0.04	-1.07	0.78	-0.12	-0.11	0.19	0.10	-0.12	-0.43	0.10	1.25	0.08	-0.04	-0.21	-0.14	-0.28	-0.04	0.06
417T	-1.24	1.01	0.98	-0.12	-0.11	0.27	0.10	-0.12	0.84	0.10	1.16	0.08	-0.04	0.54	-0.14	-1.37	-0.04	0.06
417V	-0.71	0.94	0.44	-0.12	-0.11	0.22	0.10	-0.12	0.90	0.10	1.17	0.08	-0.04	0.52	-0.14	-1.25	-0.04	0.06
417P	-1.02	1.25	1.05	-0.12	-0.11	0.25	0.10	-0.12	1.43	0.10	1.16	0.08	-0.04	0.78	-0.14	-1.05	-0.04	0.06
417Q	-0.99	0.44	1.90	-0.12	-0.11	0.24	0.10	-0.12	0.81	0.10	1.16	0.08	-0.04	0.66	-0.14	-2.34	-0.04	0.06
417R	-1.05	-0.34	4.05	-0.12	-0.11	0.22	0.10	-0.12	0.96	0.10	1.18	0.08	-0.04	0.99	-0.14	-3.94	-0.04	0.06
346V	0.08	0.35	-1.53	-0.12	-0.11	-0.12	0.10	-0.12	0.39	0.10	1.44	0.08	-0.04	0.10	-0.14	1.95	-0.04	0.06
417Y	-0.78	0.13	0.69	0.39	-5.00	0.22	0.28	0.42	0.41	-0.03	1.47	0.08	-0.88	1.02	0.91	-1.43	-0.47	0.48
417D	-1.49	1.15	2.36	-0.12	-0.11	0.25	0.10	-0.12	1.36	0.10	1.15	0.08	-0.04	0.56	-0.14	-2.32	-0.04	0.06
417E	-1.08	0.57	2.30	-0.12	-0.11	0.21	0.10	-0.12	1.14	0.10	1.16	0.08	-0.04	0.39	-0.14	-1.66	-0.04	0.06
417F	-0.87	0.45	0.48	-0.12	-0.11	0.05	0.10	-0.12	0.69	0.10	1.15	0.08	-0.04	0.90	-0.14	0.18	-0.04	0.06
346T	0.48	0.55	-0.51	-0.12	-0.11	-0.23	0.10	-0.12	1.54	0.10	1.26	0.08	-0.04	0.98	-0.14	1.24	-0.04	0.06
417A	-1.55	1.31	0.65	-0.12	-0.11	0.31	0.10	-0.12	0.80	0.10	1.18	0.08	-0.04	0.67	-0.14	-1.22	-0.04	0.06
417C	-1.14	1.07	0.95	-0.07	-0.38	0.17	0.09	-0.32	0.92	0.11	1.17	0.08	-0.24	0.23	0.11	-1.13	-0.01	0.18
417L	-0.38	-0.10	1.03	-0.12	-0.11	0.24	0.10	-0.12	0.45	0.10	1.16	0.08	-0.04	0.79	-0.14	-1.67	-0.04	0.06
346S	-0.15	-0.36	0.59	-0.03	-0.25	-1.20	0.01	-2.70	0.46	2.83	0.85	0.08	0.07	0.66	3.64	1.13	-1.68	-1.43
417N	-0.80	1.38	0.92	-0.12	-0.11	0.11	0.10	-0.12	1.74	0.10	1.12	0.08	-0.04	0.64	-0.14	-0.31	-0.04	0.06
417H	-1.03	0.63	1.78	-0.12	-0.11	0.14	0.10	-0.12	1.21	0.10	1.17	0.08	-0.04	0.64	-0.14	-0.74	-0.04	0.06
417I	-0.66	0.37	0.73	-0.12	-0.11	0.20	0.10	-0.12	0.54	0.10	1.17	0.08	-0.04	0.59	-0.14	-1.30	-0.04	0.06
346R	0.81	-1.09	-0.09	-0.15	-0.11	-0.30	0.38	-0.08	0.18	0.11	1.20	0.08	-0.12	0.93	-0.34	0.29	0.15	0.03
346Q	0.19	-1.19	0.46	-0.11	0.03	-0.11	0.29	-0.08	-0.83	0.05	-0.16	0.08	-0.01	0.89	-0.03	-1.49	-0.01	0.05
346P	-0.17	-0.57	-0.11	0.00	0.03	-0.19	-0.05	-0.19	0.08	0.01	1.21	0.08	-0.05	0.89	0.44	0.88	-0.02	0.19
346Y	1.15	-0.22	-1.22	-0.12	-0.11	-3.51	0.10	-0.12	-0.64	0.10	0.25	0.08	-0.04	-1.38	-0.14	0.51	-0.04	0.06
417S	-1.54	1.26	1.63	-0.12	-0.11	0.28	0.10	-0.12	1.27	0.10	1.16	0.08	-0.04	0.71	-0.14	-1.34	-0.04	0.06
346F	0.97	0.03	-2.40	-0.12	-0.11	-3.48	0.10	-0.12	-0.28	0.10	1.17	0.08	-0.04	0.28	-0.14	0.86	-0.04	0.06
346E	-0.00	-0.19	1.02	-0.12	-0.11	0.00	0.10	-0.12	-0.09	0.10	-0.28	0.08	-0.04	-0.58	-0.14	-0.79	-0.04	0.06
346D	-0.52	-0.54	2.25	-0.12	-0.11	-0.10	0.10	-0.12	-0.87	0.10	-0.47	0.08	-0.04	-2.62	-0.14	-0.55	-0.04	0.06
346C	-0.12	-0.70	-1.04	-0.12	-0.11	-0.13	0.10	-0.12	-0.22	0.10	1.19	0.08	-0.04	1.65	-0.14	1.39	-0.04	0.06
401Y	-0.39	-1.76	1.80	0.38	-3.00	-0.07	0.07	0.03	-0.29	-0.10	1.19	0.08	-0.23	0.95	1.58	-0.33	0.24	0.09
346A	-0.17	-0.37	-1.14	-0.07	-0.11	-0.19	0.06	-0.12	-0.36	0.15	1.20	0.08	0.04	0.85	-0.36	0.82	0.05	0.07
401S	-0.13	0.03	0.52	-0.12	-0.11	-0.00	0.10	-0.12	0.89	0.10	1.18	0.08	-0.04	0.95	-0.14	0.16	-0.04	0.06
401R	0.04	-1.55	4.45	-0.12	-0.11	-0.15	0.10	-0.12	0.24	0.10	-0.55	0.08	-0.04	-1.91	-0.14	0.85	-0.04	0.06
401Q	-0.39	-0.97	2.02	2.45	-0.25	0.05	0.23	0.24	0.61	0.01	0.93	0.08	-0.72	0.44	3.25	-0.22	-0.18	0.41
401P	-0.58	-0.24	1.21	-0.12	-0.11	0.16	0.10	-0.12	1.20	0.10	1.15	0.08	-0.04	2.38	-0.14	0.53	-0.04	0.06
401W	0.48	-2.54	0.76	-0.12	-0.11	0.15	0.10	-0.12	-1.27	0.10	1.14	0.08	-0.04	0.44	-0.14	-0.06	-0.04	0.06
401T	-0.56	0.29	0.58	1.45	-0.38	0.05	-0.18	-0.36	1.35	0.11	1.09	0.08	-0.58	2.09	-0.01	0.70	-0.11	-0.16
401K	-0.05	-0.00	0.22	-0.12	-0.11	0.01	0.10	-0.12	0.82	0.10	1.17	0.08	-0.04	0.98	-0.14	0.43	-0.04	0.06
401I	-0.38	-0.61	0.71	-0.12	-0.11	0.16	0.10	-0.12	0.58	0.10	1.13	0.08	-0.04	2.21	-0.14	0.15	-0.04	0.06
401H	-0.56	-0.95	1.55	0.05	-0.11	0.09	0.03	-0.06	0.18	0.22	1.18	0.08	0.27	1.03	0.06	-0.33	0.24	-0.03
401N	0.28	-0.11	0.17	-0.26	-0.11	-0.05	0.08	-0.12	0.88	0.18	1.10	0.08	-0.02	0.88	0.44	0.41	-0.26	0.02
401M	0.21	-1.67	-0.25	-0.12	-0.11	0.03	0.10	-0.12	-0.96	0.10	1.16	0.08	-0.04	0.90	-0.14	0.29	-0.04	0.06
401L	-0.44	0.23	0.62	-0.12	-0.11	0.12	0.10	-0.12	1.26	0.10	1.13	0.08	-0.04	1.98	-0.14	0.26	-0.04	0.06
401C	-0.03	-0.02	0.18	-0.12	-0.11	0.02	0.10	-0.12	0.78	0.10	1.18	0.08	-0.04	0.94	-0.14	0.42	-0.04	0.06
401A	-0.14	0.09	0.06	-0.12	-0.11	0.00	0.10	-0.12	0.75	0.10	1.17	0.08	-0.04	0.96	-0.14	0.47	-0.04	0.06
401G	-0.13	0.19	0.14	-0.12	-0.11	0.01	0.10	-0.12	0.90	0.10	1.17	0.08	-0.04	0.95	-0.14	0.47	-0.04	0.06
401F	-0.23	-1.74	0.10	-0.12	-0.11	0.08	0.10	-0.12	-1.10	0.10	1.16	0.08	-0.04	1.00	-0.14	0.46	-0.04	0.06
401E	-0.59	-0.14	2.93	-0.13	-0.25	0.12	0.15	-0.02	1.80	0.05	1.14	0.08	-0.06	1.86	-0.05	-0.73	-0.11	0.10
401D	-0.57	-0.21	2.55	-0.12	-0.11	0.11	0.10	-0.12	1.53	0.10	1.14	0.08	-0.04	1.22	-0.14	0.34	-0.04	0.06
305N	-0.46	0.55	1.83	-0.12	-0.11	0.08	0.10	-0.12	1.54	0.10	1.18	0.08	-0.04	0.53	-0.14	-0.81	-0.04	0.06
305L	-0.56	0.33	0.61	-0.12	-0.11	0.10	0.10	-0.12	0.62	0.10	1.17	0.08	-0.04	0.52	-0.14	-0.56	-0.04	0.06
305M	-0.51	-0.18	0.97	-0.12	-0.11	0.08	0.10	-0.12	0.29	0.10	1.17	0.08	-0.04	0.40	-0.14	-0.70	-0.04	0.06
305K	-0.26	-0.42	3.90	-0.12	-0.11	0.10	0.10	-0.12	1.48	0.10	1.15	0.08	-0.04	-1.17	-0.14	0.22	-0.04	0.06
305H	-0.95	0.11	2.21	0.48	-0.25	-0.36	0.00	-0.47	1.42	0.10	0.88	-0.55	-0.42	1.60	2.19	-0.53	0.04	0.11
305I	-0.77	-0.21	0.20	-0.12	-0.11	0.13	0.10	-0.12	0.12	0.10	1.15	0.08	-0.04	1.66	-0.14	-0.33	-0.04	0.06
305G	-0.53	1.99	-0.60	0.54	-0.38	0.15	0.27	-0.21	1.96	0.10	1.09	0.28	-0.35	1.24	1.34	-0.85	-0.04	-0.21
305D	-0.93	0.59	2.59	-0.12	-0.11	0.12	0.10	-0.12	1.59	0.10	1.15	0.08	-0.04	0.21	-0.14	-0.43	-0.04	0.06
305E	-0.45	0.22	3.49	0.04	-0.11	0.08	0.14	-0.10	1.92	0.10	1.21	0.03	0.10	-0.56	0.25	-0.38	0.01	0.03
305C	-1.01	0.46	1.32	-0.10	-0.11	0.11	0.08	-0.02	1.22	0.10	1.16	0.17	-0.03	1.78	-0.16	-0.49	-0.08	0.01
305A	-0.49	1.03	0.74	-0.12	-0.11	0.07	0.10	-0.12	1.45	0.10	1.17	0.08	-0.04	0.49	-0.14	-0.47	-0.04	0.06
305Y	-0.78	-0.27	0.93	-0.12	-0.11	0.17	0.10	-0.12	0.49	0.10	1.15	0.08	-0.04	1.74	-0.14	-0.32	-0.04	0.06
305V	-0.94	0.16	0.69	-0.12	-0.11	0.16	0.10	-0.12	0.68	0.10	1.16	0.08	-0.04	1.86	-0.14	-0.44	-0.04	0.06
305W	0.74	-0.34	-1.41	0.91	0.03	0.02	0.18	-0.15	0.35	0.10	1.08	0.21	2.37	1.78	-1.83	-0.41	-0.01	0.03
305T	-1.05	0.43	1.34	0.08	-0.38	0.14	-0.19	-0.43	1.14	0.10	1.22	0.01	-0.13	1.55	0.44	-0.56	-0.09	0.10
305R	-0.38	-0.75	2.57	-0.12	-0.11	0.13	0.10	-0.12	0.82	0.10	1.16	0.08	-0.04	0.99	-0.14	-0.97	-0.04	0.06
305S	-0.48	0.93	1.53	-0.12	-0.11	0.08	0.10	-0.12	1.73	0.10	1.17	0.08	-0.04	0.50	-0.14	-0.79	-0.04	0.06
305P	-0.01	0.99	-1.15	-0.12	-0.11	0.20	0.10	-0.12	1.06	0.10	1.17	0.08	-0.04	1.58	-0.14	-0.82	-0.04	0.06
305Q	-0.44	-0.19	2.68	-0.12	-0.11	0.08	0.10	-0.12	1.16	0.10	1.17	0.08	-0.04	0.14	-0.14	-0.77	-0.04	0.06
306C	-0.88	0.74	-0.53	-0.28	-0.52	0.06	0.37	-0.02	0.41	0.10	1.28	0.11	0.16	0.62	0.40	0.13	-0.11	-0.10
306A	-0.94	1.52	-2.04	-0.14	-0.25	0.03	0.10	-0.25	0.25	0.10	1.18	0.14	-0.03	0.98	-0.19	-0.51	0.11	-0.11
306G	-0.94	1.52	-1.54	-0.12	-0.11	-0.02	0.10	-0.12	0.53	0.10	1.17	0.08	-0.04	0.94	-0.14	-0.27	-0.04	0.06
306F	-0.53	0.07	-0.05	-0.12	-0.11	0.24	0.10	-0.12	0.42	0.10	1.11	0.08	-0.04	1.62	-0.14	-0.39	-0.04	0.06
306E	-1.20	0.42	1.93	-0.12	-0.11	0.17	0.10	-0.12	1.24	0.10	1.15	0.08	-0.04	1.84	-0.14	-1.28	-0.04	0.06
306D	-0.72	0.91	1.41	-0.12	-0.11	0.22	0.10	-0.12	1.89	0.10	1.09	0.08	-0.04	1.35	-0.14	-0.01	-0.04	0.06
306K	-0.39	0.29	1.80	-0.12	-0.11	0.25	0.10	-0.12	1.66	0.10	1.18	0.08	-0.04	1.83	-0.14	-1.39	-0.04	0.06
306I	-0.83	0.68	0.11	0.28	-0.38	0.17	-0.13	0.22	0.77	0.10	1.14	-0.03	0.27	0.82	0.12	-0.04	0.03	0.13
306H	-0.53	-0.08	1.60	-0.12	-0.11	0.07	0.10	-0.12	1.20	0.10	1.13	0.08	-0.04	1.91	-0.14	-0.68	-0.04	0.06
306N	-0.80	0.78	0.90	-0.12	-0.11	0.15	0.10	-0.12	1.46	0.10	1.13	0.08	-0.04	1.60	-0.14	-0.24	-0.04	0.06
306M	-0.62	0.16	0.46	-0.12	-0.11	0.20	0.10	-0.12	1.01	0.10	1.11	0.08	-0.04	2.33	-0.14	-0.13	-0.04	0.06
306L	-1.08	0.53	0.04	-0.12	-0.11	0.10	0.10	-0.12	0.21	0.10	1.13	0.08	-0.04	1.00	-0.14	-0.84	-0.04	0.06
306S	-0.89	1.56	-1.24	-0.31	-0.11	0.01	0.02	0.24	0.72	0.10	1.16	0.21	-0.05	0.82	0.43	-0.66	0.10	-0.03
306R	-0.74	-0.31	2.23	-0.12	-0.11	0.07	0.10	-0.12	1.32	0.10	1.13	0.08	-0.04	2.63	-0.14	-1.09	-0.04	0.06
306Q	-1.15	0.28	1.50	-0.12	-0.11	0.16	0.10	-0.12	0.95	0.10	1.14	0.08	-0.04	2.03	-0.14	-1.36	-0.04	0.06
306P	-0.87	1.29	-1.75	-0.12	-0.11	-0.01	0.10	-0.12	0.03	0.10	1.17	0.08	-0.04	0.38	-0.14	-0.41	-0.04	0.06
306W	-0.66	-0.52	0.90	-0.12	-0.11	0.22	0.10	-0.12	0.12	0.10	1.10	0.08	-0.04	1.44	-0.14	-0.74	-0.04	0.06
306V	-0.72	1.19	-1.34	-0.12	-0.11	0.03	0.10	-0.12	0.51	0.10	1.16	0.08	-0.04	0.59	-0.14	0.46	-0.04	0.06
306T	-0.56	0.92	-0.84	-0.14	-0.11	0.08	0.23	-0.21	0.68	0.10	1.16	0.12	-0.03	0.67	0.03	0.46	-0.05	0.07
