384A	-0.78	0.93	-2.31	-0.14	-0.02	0.11	0.02	-0.06	-0.63	0.07	0.11	-0.20	-0.06	0.71	-0.14	0.10	-0.04	0.17
384C	-0.98	0.58	-2.18	-0.14	-0.02	0.24	0.02	-0.06	-1.46	0.07	0.14	-0.20	-0.06	0.46	-0.14	-0.29	-0.04	0.17
384E	-0.85	0.21	0.32	-0.12	-0.02	-0.07	-0.05	-0.07	-1.14	0.07	-0.90	-0.23	-0.06	-1.29	-0.07	-0.67	-0.01	0.28
384D	-0.88	0.77	-0.54	-0.14	-0.02	-0.02	0.02	-0.06	-0.45	0.07	0.03	-0.20	-0.06	-0.74	-0.14	-1.11	-0.04	0.17
384G	-0.78	1.00	-2.28	-0.14	-0.02	0.11	0.02	-0.06	-0.48	0.07	0.10	-0.20	-0.06	0.78	-0.14	0.05	-0.04	0.17
384I	-0.86	0.53	-2.33	-0.14	-0.02	0.33	0.02	-0.06	-1.69	0.07	-0.07	-0.20	-0.06	0.48	-0.14	-0.48	-0.04	0.17
384H	-0.48	-0.28	0.33	-0.13	0.33	0.06	0.10	-0.03	-0.94	0.07	0.10	-0.20	-0.07	-0.21	-0.25	-1.02	-0.08	0.03
384K	-0.53	-0.07	1.83	-0.14	-0.02	-0.12	0.02	-0.06	-0.77	0.07	-1.04	-0.20	-0.06	-2.51	-0.14	-0.94	-0.04	0.17
384M	-0.66	-0.02	-1.25	-0.14	-0.02	0.13	0.05	-0.05	-1.22	0.07	0.01	-0.18	-0.06	0.99	-0.04	-0.14	-0.03	0.14
384L	-0.55	-0.00	-0.90	-0.14	-0.02	-0.16	0.02	-0.06	-1.39	0.07	-0.22	-0.20	-0.06	0.20	-0.14	-0.51	-0.04	0.17
384N	-0.75	0.36	-0.60	-0.14	-0.02	-0.03	0.02	-0.06	-0.31	0.07	0.05	-0.20	-0.06	0.88	-0.14	-0.81	-0.04	0.17
384Q	-0.88	0.46	-0.49	-0.14	-0.02	0.16	0.02	-0.06	-0.56	0.07	-0.23	-0.20	-0.06	0.51	-0.14	-1.45	-0.04	0.17
384P	-0.81	0.89	-2.10	-0.14	-0.02	0.10	0.02	-0.06	-0.58	0.07	0.11	-0.20	-0.06	0.69	-0.14	0.03	-0.04	0.17
384S	-0.97	1.12	-2.32	-0.12	0.69	0.19	0.15	-0.04	-0.53	0.07	0.11	-0.21	0.39	0.81	0.14	-0.48	-0.31	0.19
384R	-0.64	-0.20	1.60	-0.14	-0.02	0.07	0.02	-0.06	0.26	0.07	-0.17	-0.20	-0.06	0.92	-0.14	-2.43	-0.04	0.17
384T	-0.80	0.69	-2.02	-0.14	-0.02	0.15	0.02	-0.06	-0.87	0.07	0.17	-0.20	-0.06	0.61	-0.14	-0.02	-0.04	0.17
384W	-0.22	-1.29	1.36	-0.14	-0.02	-0.16	0.02	-0.06	-1.47	0.07	-0.47	-0.20	-0.06	0.13	-0.14	-0.22	-0.04	0.17
384V	-0.98	0.72	-2.49	-0.14	-0.02	0.28	0.02	-0.06	-1.48	0.07	0.08	-0.20	-0.06	0.55	-0.14	-0.29	-0.04	0.17
384Y	-0.21	-0.72	0.50	-0.14	-0.02	0.13	0.02	-0.06	-1.64	0.07	-1.84	-0.20	-0.06	0.42	-0.14	-0.62	-0.04	0.17
348Y	0.61	-1.11	0.76	-0.11	-0.02	-0.17	-0.01	-0.07	-0.85	0.10	0.07	-0.20	0.83	0.24	0.08	-1.41	0.15	0.15
348Q	-0.27	-0.42	1.35	-0.07	-1.44	-0.20	0.02	-0.04	0.05	0.13	-0.09	-0.20	-0.09	0.25	-0.02	-0.88	-0.07	0.20
348P	-0.62	-0.15	0.73	0.08	-0.37	-0.30	0.30	-0.03	0.24	-0.01	-0.20	-0.20	-0.16	0.73	-0.05	0.57	0.08	0.13
348S	-0.84	0.07	1.02	-0.14	-0.02	-0.25	0.02	-0.06	0.44	0.07	-0.26	-0.20	-0.06	0.49	-0.14	0.27	-0.04	0.17
348R	-0.11	-0.72	1.20	-0.14	-0.02	-0.16	0.02	-0.06	-0.45	0.07	-0.16	-0.20	-0.06	0.54	-0.14	-1.11	-0.04	0.17
348T	-0.74	-0.14	0.60	0.11	-0.02	-0.19	0.21	-0.04	-0.45	0.23	-0.22	-0.20	1.43	0.03	-0.12	-1.03	0.12	0.19
348W	0.21	-1.13	0.85	-0.14	-0.02	-0.12	0.02	-0.06	-1.27	0.07	0.01	-0.20	-0.06	0.35	-0.14	-1.36	-0.04	0.17
348I	0.77	-0.85	0.01	0.17	-0.02	-0.13	-0.04	-0.02	-0.74	0.14	-0.10	-0.20	1.19	0.51	0.02	-0.95	0.07	0.25
348H	-0.18	-1.19	1.88	-0.14	-0.02	-0.10	0.02	-0.06	-0.12	0.07	1.65	-0.20	-0.06	1.33	-0.14	-2.95	-0.04	0.17
348K	-0.09	-0.58	1.69	-0.41	0.33	-0.15	0.06	-0.04	0.16	-0.07	-0.23	-0.20	1.23	0.34	-0.02	-1.54	0.01	0.19
348M	-0.04	-0.79	0.42	-0.18	-0.02	-0.11	-0.18	-0.02	-0.85	0.21	-0.08	-0.20	1.47	0.46	0.15	-0.86	0.15	0.23
348L	0.71	-0.93	-0.22	-0.14	-0.02	-0.10	0.02	-0.06	-1.14	0.07	0.03	-0.20	-0.06	0.67	-0.14	-0.70	-0.04	0.17
348N	-0.77	-0.40	1.43	-0.14	-0.02	-0.21	0.02	-0.06	-0.13	0.07	-0.09	-0.20	-0.06	0.57	-0.14	-0.91	-0.04	0.17
348A	-0.91	0.18	0.12	-0.14	-0.02	-0.13	0.02	-0.06	-0.45	0.07	-0.23	-0.20	-0.06	0.37	-0.14	-0.69	-0.04	0.17
348C	-0.74	-0.25	0.46	-0.14	-0.02	-0.14	0.02	-0.06	-0.78	0.07	-0.19	-0.20	-0.06	0.31	-0.14	-0.69	-0.04	0.17
348E	-0.54	-0.47	1.91	-0.14	-0.37	-0.15	0.06	-0.06	-0.17	0.02	-0.25	-0.20	-0.06	-0.12	0.09	-1.73	-0.03	0.18
348D	-0.82	0.68	-0.74	-0.13	-0.73	3.35	0.14	-0.07	0.04	0.11	1.76	-0.20	-1.37	1.14	-0.91	-3.65	-0.77	0.17
348G	-0.97	0.48	0.25	-0.51	0.33	-0.15	0.15	-0.07	0.38	0.05	-0.21	-0.20	1.23	0.35	0.51	-0.83	0.14	0.15
348F	0.74	-1.06	0.35	-0.14	-0.02	-0.20	0.02	-0.06	-1.15	0.07	0.03	-0.20	-0.06	0.27	-0.14	-1.11	-0.04	0.17
346W	1.63	-1.28	-0.39	-0.18	1.04	-0.75	-0.26	0.01	-0.18	-0.02	3.40	-0.20	-0.23	-0.29	0.39	0.22	-0.17	0.22
309C	0.07	-0.77	0.24	-0.14	-0.02	-0.07	0.02	-0.06	-1.02	0.07	0.00	-0.20	-0.06	0.59	-0.14	-0.65	-0.04	0.17
346T	-0.71	0.23	-1.79	-0.14	-0.02	-0.31	0.02	-0.06	-0.69	0.07	1.61	-0.20	-0.06	1.26	-0.14	-0.37	-0.04	0.17
309F	1.54	-1.37	0.20	-0.14	-0.02	-0.02	0.02	-0.06	-0.94	0.07	0.01	-0.20	-0.06	0.66	-0.14	-0.87	-0.04	0.17
309G	-0.41	-0.21	0.27	-0.14	-0.02	-0.06	0.02	-0.06	-0.47	0.07	-0.03	-0.20	-0.06	0.55	-0.14	-0.84	-0.04	0.17
309D	-0.32	-0.54	1.11	-0.14	-0.02	-0.08	0.02	-0.06	-0.32	0.07	-0.06	-0.20	-0.06	0.57	-0.14	-1.17	-0.04	0.17
309E	-0.23	-0.79	0.73	-0.14	-0.02	-0.05	0.02	-0.06	-0.96	0.07	-0.07	-0.20	-0.06	0.61	-0.14	-1.01	-0.04	0.17
309K	-0.16	-0.90	0.73	-0.14	-0.02	-0.06	0.02	-0.06	-1.13	0.07	-0.04	-0.20	-0.06	0.54	-0.14	-1.06	-0.04	0.17
309H	-0.24	-0.80	0.73	-0.14	-0.02	-0.06	0.02	-0.06	-0.87	0.07	-0.03	-0.20	-0.06	0.56	-0.14	-0.51	-0.04	0.17
309I	-0.00	-0.79	0.28	-0.17	0.33	-0.08	-0.12	-0.07	-1.18	0.07	-0.07	-0.21	-0.03	0.49	-0.21	-0.83	0.04	0.19
309N	-0.02	-0.62	0.95	-0.14	-0.02	-0.10	0.02	-0.06	-0.49	0.07	-0.13	-0.20	-0.06	0.49	-0.14	-1.46	-0.04	0.17
309L	0.46	-0.49	0.33	-0.14	-0.02	-0.16	0.02	-0.06	0.07	0.07	-0.25	-0.20	-0.06	0.73	-0.14	0.41	-0.04	0.17
309M	-0.17	-0.93	0.23	-0.14	-0.02	-0.05	0.02	-0.06	-1.50	0.07	-0.03	-0.20	-0.06	0.63	-0.14	-0.81	-0.04	0.17
309R	0.81	-1.88	1.05	-0.14	-0.02	0.26	0.02	-0.06	-1.29	0.07	0.13	-0.20	-0.06	1.09	-0.14	-0.43	-0.04	0.17
309S	-0.18	-0.49	0.98	-0.27	-0.37	-0.26	0.06	-0.12	-0.25	0.07	-0.33	-0.17	0.08	-0.11	0.81	-0.10	-0.03	0.18
309P	-0.16	-0.64	0.33	-0.14	-0.02	-0.08	0.02	-0.06	-0.90	0.07	-0.00	-0.20	-0.06	0.60	-0.14	-0.73	-0.04	0.17
309Q	-0.08	-0.90	0.70	-0.14	-0.02	-0.10	0.02	-0.06	-1.04	0.07	-0.08	-0.20	-0.06	0.52	-0.14	-0.73	-0.04	0.17
309V	-0.15	-0.76	-0.01	-0.14	-0.02	-0.06	0.02	-0.06	-1.45	0.07	-0.05	-0.20	-0.06	0.54	-0.14	-0.83	-0.04	0.17
309W	0.49	-0.90	0.47	-0.14	-0.02	-0.26	0.02	-0.06	-0.46	0.07	-0.18	-0.20	-0.06	0.76	-0.14	0.46	-0.04	0.17
309T	-0.14	-0.72	0.65	-0.22	0.33	-0.29	0.09	-0.07	-0.88	0.07	-0.34	-0.12	0.01	0.12	0.37	-0.09	-0.06	0.16
417M	-1.12	1.26	-2.91	-0.22	-0.37	3.32	-0.00	-0.14	-0.61	0.14	1.67	-0.20	-4.56	2.66	-1.17	-2.44	-1.11	0.23
346M	0.01	-0.76	-1.45	-0.14	-0.02	-0.30	0.02	-0.06	-1.75	0.07	1.61	-0.20	-0.06	1.23	-0.14	-1.24	-0.04	0.17
309Y	1.47	-1.35	0.30	-0.14	-0.02	-0.02	0.02	-0.06	-0.84	0.07	0.06	-0.20	-0.06	0.71	-0.14	-0.89	-0.04	0.17
346K	-1.35	-1.31	4.86	-3.13	-0.02	-0.81	2.51	-0.02	-0.34	-0.31	1.24	-0.20	0.65	-4.33	-5.00	-0.47	5.00	0.69
346I	-0.59	-0.06	-2.01	-0.14	-0.02	-0.18	0.02	-0.06	-1.61	0.07	1.62	-0.20	-0.06	0.91	-0.14	-1.13	-0.04	0.17
346H	0.14	-0.80	0.35	-0.07	-0.37	-0.03	0.09	-0.02	-0.77	0.11	0.52	-0.20	0.16	0.77	-0.41	-1.07	-0.12	0.31
346L	-0.39	-0.58	-1.90	-0.12	-0.02	-0.21	-0.04	-0.07	-2.21	0.10	1.62	-0.20	-0.05	0.86	-0.07	-1.00	0.04	0.19
417K	-0.12	0.08	0.36	-1.92	-0.02	0.02	-0.30	-0.79	0.34	0.45	-1.14	-0.20	1.90	1.11	-0.72	0.04	-0.03	0.27
302Y	2.79	-2.28	2.91	-0.14	-0.02	-0.15	0.02	-0.06	2.23	0.07	2.62	-0.20	-0.06	1.69	-0.14	-0.75	-0.04	0.17
302W	1.75	-1.58	2.02	-0.14	-0.02	0.07	0.02	-0.06	0.09	0.07	-0.24	-0.20	-0.06	0.16	-0.14	-0.91	-0.04	0.17
302V	-0.45	-0.60	-0.54	-0.16	0.33	-0.39	0.11	-0.22	-1.45	0.07	-0.26	-0.21	-0.21	0.97	0.62	0.22	-0.12	0.07
302T	-0.58	-0.48	1.31	-0.03	0.69	-0.15	-0.07	-0.18	-0.72	0.07	-1.52	-0.04	-0.05	0.25	0.10	-0.30	-0.01	-0.11
302S	-0.87	-0.26	1.21	-0.02	-1.08	0.31	-0.04	-0.22	-0.41	0.07	-1.55	-0.27	0.01	0.92	-0.69	-0.50	0.12	0.64
302R	0.23	-0.71	1.33	-0.12	-0.02	-0.13	-0.01	-0.09	0.30	0.07	0.62	-0.27	0.06	0.63	0.26	-1.33	-0.08	0.17
302Q	-0.77	-0.38	1.66	-2.38	2.11	-0.31	0.46	0.08	-0.48	0.07	-0.22	-0.25	2.60	-1.00	-2.07	-0.35	0.87	0.04
302P	-0.37	-0.58	0.21	-0.14	-0.02	-0.07	0.02	-0.06	-0.82	0.07	-0.38	-0.20	-0.06	1.25	-0.14	-0.33	-0.04	0.17
302N	-0.28	-0.79	1.25	-0.11	-1.44	0.18	0.06	0.09	-0.66	0.07	0.40	-0.29	0.08	0.91	-0.67	-2.66	0.02	0.13
302M	-0.00	-0.94	0.87	-0.14	-0.02	-0.13	0.02	-0.06	-0.83	0.07	-0.06	-0.20	-0.06	0.44	-0.14	-0.29	-0.04	0.17
302L	0.09	-0.66	0.90	-3.90	2.46	-0.32	1.08	0.36	-0.19	0.07	-0.17	-0.51	1.78	-0.39	0.79	-0.00	0.90	0.46
302K	-0.01	-0.73	1.44	-0.14	-0.02	-0.10	0.02	-0.06	-0.21	0.07	0.26	-0.20	-0.06	0.38	-0.14	-1.62	-0.04	0.17
302I	0.18	-0.74	-0.83	-0.14	-0.02	0.08	0.02	-0.06	-1.61	0.07	0.66	-0.20	-0.06	1.04	-0.14	-1.86	-0.04	0.17
302H	0.28	-0.86	2.09	-0.21	1.40	-0.28	0.02	0.00	0.75	0.07	-0.26	-0.29	-0.17	0.58	0.00	0.33	0.14	0.12
302G	-0.82	-0.01	-0.03	-0.18	-0.37	-0.01	0.02	-0.08	-0.49	0.07	0.16	-0.19	-0.07	0.51	-0.13	-0.17	-0.03	0.11
302F	2.51	-2.61	1.82	-0.14	-0.02	-0.26	0.02	-0.06	0.70	0.07	3.66	-0.20	-0.06	2.46	-0.14	-3.07	-0.04	0.17
302E	-0.62	-0.30	0.98	-0.13	0.69	0.01	-0.11	0.13	-0.41	0.07	-0.06	-0.14	0.05	0.14	0.03	-1.30	-0.00	-0.02
302D	-0.47	0.07	1.29	-0.14	-0.02	-0.16	0.02	-0.06	-1.15	0.07	-1.63	-0.20	-0.06	-3.45	-0.14	0.95	-0.04	0.17
302C	-0.32	-0.60	0.02	-0.08	-0.73	0.17	-0.09	-0.09	-1.03	0.07	0.28	-0.14	0.12	0.99	-0.65	-1.03	0.01	0.35
417T	-0.95	1.01	-0.65	-0.14	-0.02	-0.12	0.02	-0.06	0.32	0.07	-0.40	-0.20	-0.06	0.06	-0.14	0.28	-0.04	0.17
417V	-0.80	0.74	-1.03	-0.15	-0.02	-0.12	-0.01	-0.05	-0.20	0.10	-0.52	-0.20	-0.06	0.29	-0.18	0.72	-0.04	0.12
417P	-0.93	0.93	-0.63	-0.14	-0.02	-0.05	0.02	-0.06	0.32	0.07	-0.37	-0.20	-0.06	0.24	-0.14	0.31	-0.04	0.17
417Q	-0.49	0.42	-0.34	0.59	0.69	-0.16	0.01	-0.06	0.52	0.06	-0.25	-0.20	1.26	0.24	0.52	0.96	-0.03	0.18
417R	-0.38	-0.02	1.14	-0.14	-0.02	0.16	0.02	-0.06	0.00	0.07	-0.24	-0.20	-0.06	-0.31	-0.14	-1.60	-0.04	0.17
346V	-0.67	0.01	-2.17	-0.22	0.69	-0.18	-0.12	-0.06	-1.51	0.17	1.61	-0.20	0.12	1.33	-0.22	-1.27	0.07	0.18
417Y	-0.63	0.09	-0.48	-0.11	-0.02	-0.15	0.10	-0.08	-0.67	0.01	-0.38	-0.20	-0.05	0.52	-0.24	0.24	-0.03	0.22
417D	-0.77	0.85	-0.01	-0.28	-0.02	-0.10	0.06	-0.07	0.75	0.09	-0.40	-0.20	1.66	0.12	-0.44	-0.36	0.06	0.18
417E	-0.81	0.69	0.36	-0.14	-0.02	0.01	0.02	-0.06	0.52	0.07	-0.22	-0.20	-0.06	0.38	-0.14	-1.69	-0.04	0.17
417F	-0.59	0.11	-0.82	-0.14	-0.02	-0.14	0.02	-0.06	-0.87	0.07	-0.21	-0.20	-0.06	0.23	-0.14	0.61	-0.04	0.17
417G	-1.05	1.25	-0.78	-0.14	-0.02	-0.03	0.02	-0.06	0.58	0.07	-0.34	-0.20	-0.06	0.19	-0.14	0.05	-0.04	0.17
417A	-1.19	1.21	-0.99	-0.14	-0.02	-0.10	0.02	-0.04	0.29	0.11	-0.37	-0.20	-0.07	0.25	-0.14	0.33	-0.03	0.18
417C	-0.94	0.92	-0.80	-0.14	-0.02	-0.10	0.02	-0.06	0.18	0.07	-0.36	-0.20	-0.06	0.24	-0.14	0.43	-0.04	0.17
417L	-0.44	0.59	-0.77	-0.14	-0.02	-0.11	0.02	-0.06	0.08	0.07	-0.51	-0.20	-0.06	0.43	-0.14	0.53	-0.04	0.17
346S	-0.64	0.54	-1.74	-0.11	-0.02	-0.33	-0.11	-0.06	-0.20	-0.07	1.61	-0.20	0.19	1.09	-0.10	-0.78	-0.03	0.19
417N	-1.10	0.94	-0.39	-0.11	-0.02	-0.00	0.01	-0.10	0.25	0.10	-0.24	-0.20	0.09	0.62	-0.04	-1.50	-0.04	0.19
417H	-0.50	-0.41	1.91	-0.14	0.33	-3.41	-0.12	-0.11	0.13	0.21	-1.89	-0.20	4.45	-1.54	1.69	1.57	0.80	0.17
417I	-0.47	0.58	-1.01	-0.14	-0.02	0.02	0.02	-0.06	-0.11	0.07	-0.43	-0.20	-0.06	0.51	-0.14	0.44	-0.04	0.17
346R	0.31	-1.67	2.32	-0.14	-0.02	-0.33	0.02	-0.06	-0.24	0.07	0.23	-0.20	-0.06	1.13	-0.14	-0.46	-0.04	0.17
346Q	-0.11	-0.61	0.42	-0.10	-1.08	-0.10	0.09	-0.06	-0.59	0.03	1.20	-0.20	0.18	0.70	-0.66	-2.12	0.15	0.14
346P	-0.80	0.36	-2.00	-0.09	-0.37	0.45	0.13	-0.04	-0.56	0.17	1.82	-0.20	0.11	1.88	-0.83	-1.24	0.02	0.17
346Y	0.60	-1.32	-0.50	-0.14	-0.02	-0.61	0.02	-0.06	-1.05	0.07	3.66	-0.20	-0.06	0.77	-0.14	-1.71	-0.04	0.17
417S	-1.13	1.21	-0.84	-0.14	-0.02	0.05	0.02	-0.06	0.56	0.07	-0.35	-0.20	-0.06	0.49	-0.14	0.11	-0.04	0.17
346G	-0.69	0.61	-2.09	-0.14	-0.02	-0.21	0.02	-0.06	-0.55	0.07	1.62	-0.20	-0.06	1.22	-0.14	-1.52	-0.04	0.17
346F	0.55	-1.02	-1.95	-0.14	-0.02	4.54	0.02	-0.06	-0.90	0.07	3.66	-0.20	-0.06	1.73	-0.14	-1.89	-0.04	0.17
346E	-0.20	-0.42	1.08	-0.14	-0.02	-0.32	0.02	-0.06	-1.10	0.07	0.48	-0.20	-0.06	-1.68	-0.14	-2.07	-0.04	0.17
346D	-0.78	-0.01	0.34	-0.14	-0.02	-0.31	0.02	-0.06	-0.83	0.07	0.45	-0.20	-0.06	-1.42	-0.14	0.26	-0.04	0.17
346C	-0.83	0.02	-1.77	-0.14	-0.02	-0.30	0.02	-0.06	-1.08	0.07	1.61	-0.20	-0.06	1.28	-0.14	-0.22	-0.04	0.17
401Y	0.73	-0.89	1.13	-0.14	-0.02	0.09	0.02	-0.06	-0.02	0.07	0.16	-0.20	-0.06	0.30	-0.14	-0.78	-0.04	0.17
346A	-0.69	0.38	-2.00	-0.14	-0.02	-0.18	0.02	-0.06	-0.68	0.07	1.63	-0.20	-0.06	1.26	-0.14	-0.80	-0.04	0.17
401S	-0.70	0.04	-0.39	-0.14	-0.02	-0.04	0.02	-0.06	-0.66	0.07	0.17	-0.20	-0.06	0.62	-0.14	-0.59	-0.04	0.17
401R	-0.55	-0.08	-0.45	-0.14	-0.02	-0.02	0.02	-0.06	-0.78	0.07	-0.11	-0.20	-0.06	0.79	-0.14	-0.45	-0.04	0.17
401Q	-0.75	-0.27	0.16	-0.14	-0.02	-0.05	0.02	-0.06	-1.03	0.07	-1.03	-0.20	-0.06	0.58	-0.14	0.23	-0.04	0.17
401P	-0.52	-0.29	0.31	-0.12	-0.37	-0.13	-0.28	-0.11	-0.91	0.07	-0.38	-0.20	-0.34	0.30	-0.23	-0.30	-0.30	0.05
401W	0.64	-0.94	1.21	0.02	-0.02	0.13	0.14	-0.02	-0.19	0.21	-0.33	-0.20	-0.03	-0.15	-0.10	0.39	-0.05	0.19
401T	-0.43	-0.15	-0.33	0.32	-0.73	0.18	-0.11	-0.07	-0.52	-0.01	-0.28	-0.20	2.40	0.86	0.65	-2.04	0.55	0.21
401K	-0.51	-0.16	-0.34	-0.14	-0.02	-0.00	0.02	-0.06	-0.73	0.07	0.14	-0.20	-0.06	0.77	-0.14	-0.52	-0.04	0.17
401I	0.24	-0.82	0.61	-0.14	-0.02	-0.08	0.02	-0.06	-0.98	0.07	-0.32	-0.20	-0.06	0.26	-0.14	-0.95	-0.04	0.17
401H	0.27	-0.60	0.91	-0.10	-0.37	-0.10	0.02	-0.07	-0.13	0.41	-0.19	-0.20	1.36	-0.33	0.62	-0.49	0.06	0.17
401N	-0.53	-0.30	-0.16	-0.22	-0.02	0.01	-0.01	-0.09	-0.77	0.01	0.19	-0.20	0.25	0.74	-0.04	-0.47	0.01	0.18
401M	0.21	-1.20	0.67	-0.14	-0.02	0.16	0.02	-0.06	-1.28	0.07	0.00	-0.20	-0.06	0.54	-0.14	-0.69	-0.04	0.17
401L	0.02	-0.77	0.05	-0.14	-0.02	-0.17	0.02	-0.06	-1.42	0.07	-0.36	-0.20	-0.06	0.37	-0.14	-0.52	-0.04	0.17
401C	-0.65	-0.19	-0.38	-0.14	-0.02	0.07	0.02	-0.06	-0.78	0.07	0.22	-0.20	-0.06	0.87	-0.14	-0.21	-0.04	0.17
401A	-0.72	-0.02	-0.53	-0.14	-0.02	-0.05	0.02	-0.06	-0.72	0.07	0.24	-0.20	-0.06	0.80	-0.14	-0.32	-0.04	0.17
401G	-0.81	0.42	-0.56	-0.14	-0.02	-0.05	0.02	-0.06	-0.15	0.07	0.15	-0.20	-0.06	0.74	-0.14	-0.39	-0.04	0.17
401F	0.56	-0.72	0.50	-0.14	-0.02	-0.04	0.02	-0.06	-0.68	0.07	-0.31	-0.20	-0.06	0.01	-0.14	-0.62	-0.04	0.17
401E	-0.20	-0.66	0.95	-0.14	-0.02	-0.00	0.02	-0.06	-0.74	0.07	-1.00	-0.20	-0.06	0.45	-0.14	-0.18	-0.04	0.17
401D	-0.42	-0.34	1.50	-0.14	-0.02	-0.21	0.02	-0.06	-0.15	0.07	-1.46	-0.20	-0.06	-0.01	-0.14	0.48	-0.04	0.17
305N	-0.36	-0.50	-0.26	-0.14	-0.02	0.41	0.02	-0.06	-0.23	0.07	1.68	-0.20	-0.06	2.14	-0.14	-1.85	-0.04	0.17
305M	-0.43	-0.58	0.20	-0.14	-0.02	-0.15	0.02	-0.06	-1.32	0.07	-0.05	-0.20	-0.06	0.28	-0.14	-0.82	-0.04	0.17
305K	-0.39	-0.57	1.28	-0.22	-1.08	-0.11	-0.05	-0.06	0.06	0.07	0.16	-0.23	0.33	0.55	-0.14	-0.15	0.01	0.12
305H	-0.27	-0.49	0.05	-0.14	-0.02	-0.02	0.02	-0.06	-0.24	0.07	1.66	-0.20	-0.06	0.97	-0.14	-0.96	-0.04	0.17
305I	-0.22	-0.31	-0.51	-0.14	-0.02	-0.06	0.02	-0.06	-0.43	0.07	1.66	-0.20	-0.06	0.86	-0.14	-0.98	-0.04	0.17
305F	-0.21	-0.45	0.02	-0.14	-0.02	-0.17	0.02	-0.06	-0.64	0.07	0.50	-0.20	-0.06	0.40	-0.14	-0.10	-0.04	0.17
305G	-0.48	-0.27	-0.34	-0.14	-0.02	0.36	0.02	-0.06	-0.16	0.07	1.67	-0.20	-0.06	1.41	-0.14	-1.09	-0.04	0.17
305D	-0.18	-0.44	0.03	-0.14	-0.02	0.11	0.02	-0.06	0.01	0.07	1.67	-0.20	-0.06	1.16	-0.14	-0.89	-0.04	0.17
305E	-0.25	-0.52	-0.08	-0.14	-0.02	0.40	0.02	-0.06	-0.18	0.07	1.68	-0.20	-0.06	1.51	-0.14	-1.34	-0.04	0.17
305C	-0.38	-0.43	0.04	-0.14	-0.02	0.02	0.02	-0.06	-0.67	0.07	0.54	-0.20	-0.06	0.51	-0.14	-0.17	-0.04	0.17
305A	-0.23	-0.40	-0.65	-0.14	-0.02	0.36	0.02	-0.06	-0.43	0.07	1.68	-0.20	-0.06	1.53	-0.14	-1.26	-0.04	0.17
305Y	-0.02	-0.58	0.15	-0.14	-0.02	-0.22	0.02	-0.06	-0.68	0.07	0.54	-0.20	-0.06	0.31	-0.14	-0.29	-0.04	0.17
305V	-0.06	-0.29	-0.60	-0.14	-0.02	0.03	0.02	-0.06	-0.05	0.07	1.66	-0.20	-0.06	1.04	-0.14	-0.13	-0.04	0.17
305W	-0.16	-0.57	-0.10	-0.14	-0.02	0.02	0.02	-0.06	-0.64	0.07	1.67	-0.20	-0.06	0.35	-0.14	-0.78	-0.04	0.17
305T	-0.25	-0.13	-0.65	-0.54	1.40	0.19	0.35	-0.20	0.07	0.07	1.62	-0.42	0.38	1.38	-0.29	-0.74	-0.01	0.87
305R	-0.30	-0.92	0.91	-0.14	-0.02	-0.18	0.02	-0.06	-0.96	0.07	0.14	-0.20	-0.06	0.46	-0.14	-0.52	-0.04	0.17
305S	-0.16	-0.33	-0.18	-0.14	-0.02	0.02	0.02	-0.06	0.13	0.07	1.66	-0.20	-0.06	1.24	-0.14	-0.64	-0.04	0.17
305P	-0.11	-0.55	-0.19	-0.14	-0.02	0.39	0.02	-0.06	-0.23	0.07	1.68	-0.20	-0.06	1.54	-0.14	-1.38	-0.04	0.17
305Q	-0.20	-0.50	-0.12	-0.16	-0.37	-0.13	0.22	-0.09	-0.22	0.07	1.46	-0.18	-0.15	1.21	0.62	-1.00	-0.11	0.24
306C	-0.31	-0.18	-0.66	-0.14	-0.02	-0.10	0.02	-0.06	-0.85	0.07	0.11	-0.20	-0.06	0.48	-0.14	0.32	-0.04	0.17
306A	-0.39	0.18	-0.83	-0.14	-0.02	-0.10	0.02	-0.06	-0.38	0.07	0.10	-0.20	-0.06	0.57	-0.14	0.40	-0.04	0.17
306G	-0.39	0.29	-0.65	-0.14	-0.02	-0.12	0.02	-0.06	-0.03	0.07	0.11	-0.20	-0.06	0.56	-0.14	0.37	-0.04	0.17
306F	0.07	-0.85	-0.31	-0.14	-0.02	-0.16	0.02	-0.06	-1.45	0.07	0.01	-0.20	-0.06	0.41	-0.14	0.41	-0.04	0.17
306E	-0.17	-0.50	0.76	-0.14	-0.02	-0.20	0.02	-0.06	-0.18	0.07	-0.09	-0.20	-0.06	0.33	-0.14	0.54	-0.04	0.17
306D	-0.12	-0.24	0.93	-0.14	-0.02	-0.16	0.02	-0.06	0.14	0.07	-0.03	-0.20	-0.06	-0.40	-0.14	0.44	-0.04	0.17
306K	-0.07	-0.75	1.37	-0.17	-0.02	-0.11	0.11	-0.06	-0.18	0.07	0.06	-0.23	-0.06	-0.21	-0.30	0.68	-0.05	0.16
306I	-0.11	-0.35	-0.29	-0.05	0.33	-0.43	0.07	-0.01	-0.88	0.07	-0.40	-0.36	-0.10	-0.01	0.26	1.05	-0.11	0.21
306H	-0.20	-0.60	0.51	-0.14	-0.02	-0.16	0.02	-0.06	-0.75	0.07	0.04	-0.20	-0.06	0.33	-0.14	-0.37	-0.04	0.17
306N	-0.25	-0.32	0.43	-0.13	0.33	-0.15	0.01	-0.07	-0.33	0.07	-0.06	-0.19	-0.05	0.23	-0.11	0.12	-0.02	0.16
306M	-0.17	-0.63	-0.34	-0.14	-0.02	-0.15	0.02	-0.06	-1.28	0.07	0.00	-0.20	-0.06	0.43	-0.14	0.41	-0.04	0.17
306L	-0.05	-0.52	-0.57	-0.14	-0.02	-0.17	-0.04	-0.05	-1.19	0.07	-0.04	-0.23	-0.02	0.47	-0.14	0.38	-0.01	0.19
306S	-0.37	0.02	-0.12	-0.08	-0.37	0.20	-0.12	-0.09	-0.01	0.07	0.37	-0.20	0.11	0.85	-0.80	-0.31	0.03	0.17
306R	-0.25	-0.94	1.35	-0.14	-0.02	-0.11	0.02	-0.06	-0.97	0.07	0.12	-0.20	-0.06	-0.06	-0.14	-1.09	-0.04	0.17
306Q	-0.28	-0.42	0.11	-0.14	-0.02	-0.15	0.02	-0.06	-0.72	0.07	0.00	-0.20	-0.06	0.52	-0.14	-0.19	-0.04	0.17
306P	-0.38	0.21	-0.92	-0.31	-0.02	-0.20	-0.04	0.04	-0.18	0.07	0.14	-0.48	0.19	0.94	-0.04	0.66	-0.24	0.35
306W	0.27	-0.99	-0.12	-0.16	-0.02	-0.15	-0.13	0.03	-1.49	0.07	-0.11	-0.27	-0.03	0.28	-0.03	0.25	-0.05	0.18
306V	-0.05	-0.28	-0.59	-0.14	-0.02	-0.19	0.02	-0.06	-0.89	0.07	-0.14	-0.20	-0.06	0.36	-0.14	0.40	-0.04	0.17
306T	-0.55	0.24	0.03	-0.14	-0.02	-0.10	0.02	-0.06	0.28	0.07	0.15	-0.20	-0.06	0.33	-0.14	0.52	-0.04	0.17
